

  ==================================================
  ENTER THE SHUFFLED COMPLEX EVOLUTION GLOBAL SEARCH
  ==================================================


*** PRINT THE INITIAL POINT AND ITS CRITERION VALUE ***

 CRITERION    X1      X2      X3      X4      X5      X6      X7      X8      X9     X10     X11     X12     X13     X14     X15     X16     X17     X18     X19
   0.000   0.625   0.613 440.625   0.837   0.613 668.750   0.094   0.094   0.837 625.038  12.875   2.625   4.376   0.375   4.250   2.500   4.250   1.875 -12.500


 *** PRINT THE RESULTS OF THE SCE SEARCH ***

 LOOP TRIALS COMPLXS BEST F WORST F PAR RNG     X1      X2      X3      X4      X5      X6      X7      X8      X9     X10     X11     X12     X13     X14     X15     X16     X17     X18     X19
    0    50      10   0.000   0.000   0.316   0.526   0.668 159.080   0.825   0.073 225.561   0.071   0.109   0.235 926.898  17.572   2.053   2.021   2.786   5.509   5.640   3.194   2.701  -2.653

 POPULATION AT LOOP   0
 ----------------------
   0.000   0.316   0.526   0.668 159.080   0.825   0.073 225.561   0.071   0.109   0.235 926.898  17.572   2.053   2.021   2.786   5.509   5.640   3.194   2.701  -2.653
   0.000   0.325   1.279   0.582 310.299   0.769   0.8461436.712   0.042   0.178   0.363  46.664   3.135   0.504   3.149   1.900   3.170   1.381   4.512   2.792  -5.095
   0.000   0.327   0.559   0.828 285.073   0.429   0.6513721.320   0.147   0.040   0.681 385.819   3.039   0.030   2.700   1.617   3.258   2.070  -0.077   0.551 -10.836
   0.000   0.370   1.418   0.626 199.506   0.120   0.6123071.493   0.022   0.179   0.774 396.433   3.977   0.243   3.417   0.571   3.973   5.880  -0.737   0.599 -10.923
   0.000   0.380   0.793   0.774  85.692   0.154   0.5142311.320   0.117   0.017   0.262 395.625   3.013   0.907   3.417   1.326   6.281   2.904   0.322   1.173   2.569
   0.000   0.365   0.783   0.193 489.227   0.127   0.5344614.394   0.067   0.193   0.081 841.875  13.255   0.954   4.241   1.783   3.201   4.999   3.069   2.621   4.136
   0.000   0.394   1.018   0.377  63.071   0.433   0.7092836.041   0.035   0.012   0.113  93.942  16.448   0.526   3.954   1.766   6.040   0.892  -0.669   1.215 -14.035
   0.000   0.240   0.725   0.648 113.721   0.721   0.5653481.222   0.067   0.068   0.859 560.959   3.286   2.981   3.119   1.434   3.723   3.982   3.242   2.824  -0.217
   0.000   0.459   1.361   0.562 253.952   0.212   0.5044448.889   0.109   0.137   0.297 369.933   9.180   1.021   0.114   2.991   7.392   5.835   2.123   2.696   0.750
   0.000   0.366   1.395   0.384 265.107   0.525   0.1281072.879   0.034   0.013   0.057 400.544   3.687   2.900   4.551   2.188   3.255   1.694   2.334   1.054   3.827
   0.000   0.378   1.165   0.577 354.764   0.557   0.8574802.339   0.032   0.154   0.246 424.378  18.583   0.293   1.939   2.131   4.562   0.985   3.660   0.413  -0.480
   0.000   0.299   0.608   0.312 264.433   0.086   0.3341257.600   0.145   0.030   0.950 384.042  13.919   2.223   2.845   2.587   2.581   5.021   2.881   2.566  -3.643
   0.000   0.330   1.244   0.605 335.952   0.468   0.8032763.108   0.226   0.191   0.866 905.710   4.607   0.905   0.169   0.728   3.767   4.606   1.879   1.556  -8.270
   0.000   0.344   1.111   0.941 118.679   0.657   0.8304263.751   0.196   0.048   0.704 173.836   9.610   0.116   1.061   0.159   5.821   3.613   3.530   1.237 -14.514
   0.000   0.265   1.369   0.320 167.484   0.851   0.8811392.242   0.028   0.213   0.882 255.136  16.859   1.154   3.769   1.140   3.696   3.883   4.326   1.983  -6.603
   0.000   0.358   0.924   0.876 287.010   0.484   0.4411493.352   0.154   0.191   0.157 378.906   4.725   0.676   0.997   1.068   4.158   4.373   1.341   0.177 -14.774
   0.000   0.415   1.232   0.269 200.413   0.307   0.8201222.856   0.177   0.201   0.176 260.015   4.733   2.862   2.639   2.719   6.971   5.685   2.742   1.607  -0.604
   0.000   0.373   1.487   0.540 436.832   0.226   0.3114138.457   0.125   0.211   0.935 147.689   1.639   1.420   3.920   2.438   3.885   1.990   2.261   2.499   3.194
   0.000   0.356   0.984   0.234 400.427   0.214   0.6422754.501   0.119   0.232   0.174 770.452   5.677   0.926   2.792   1.259   7.036   2.228   2.781   2.418   2.055
   0.000   0.305   1.414   0.616 341.010   0.142   0.3453670.967   0.080   0.063   0.565 428.171  17.570   1.952   3.387   0.832   4.668   3.619   0.811   0.939  -3.400
   0.000   0.344   1.413   0.081 212.252   0.663   0.404 103.587   0.208   0.083   0.538 715.565  16.904   1.967   2.243   2.338   4.637   3.557   2.356   0.941   3.981
   0.000   0.321   0.633   0.461 465.949   0.553   0.2163488.456   0.018   0.126   0.154 554.241   5.353   1.382   4.332   2.412   3.002   4.876   1.926   1.897   2.716
   0.000   0.376   1.322   0.836  89.686   0.067   0.9401339.140   0.019   0.184   0.331 392.251  14.468   1.061   0.075   1.968   2.007   2.785   3.759   1.663 -14.078
   0.000   0.243   0.646   0.109 257.512   0.897   0.6213054.437   0.019   0.160   0.891 437.756   1.986   2.015   3.837   0.090   2.421   2.412  -0.073   2.639 -12.488
   0.000   0.253   0.608   0.469 235.645   0.391   0.3732760.908   0.067   0.119   0.648 927.003   2.883   2.958   3.308   1.076   2.113   2.844   2.802   1.242  -5.540
   0.000   0.283   0.749   0.408 233.508   0.918   0.1574717.297   0.077   0.110   0.120 840.341   3.715   2.762   3.897   0.140   5.978   5.807   3.299   2.524 -11.046
   0.000   0.386   0.649   0.093  49.077   0.818   0.6513122.785   0.186   0.067   0.879 212.054   9.690   0.447   0.484   2.150   2.404   3.972  -0.642   0.496  -6.550
   0.000   0.411   1.289   0.138 365.346   0.934   0.5243792.740   0.233   0.102   0.721 570.451   2.210   0.679   0.126   1.180   7.817   5.358   1.073   0.171  -6.032
   0.000   0.322   1.106   0.620 276.160   0.412   0.151 611.050   0.116   0.152   0.128 742.894   6.607   1.927   3.516   0.176   2.511   5.456  -0.414   0.241 -10.157
   0.000   0.463   1.457   0.704  51.907   0.343   0.8554428.037   0.157   0.039   0.787 325.942   1.477   0.056   1.747   2.007   5.449   5.869   0.576   0.112 -10.426
   0.000   0.295   1.080   0.260 162.559   0.727   0.584 645.667   0.091   0.003   0.789 327.114  11.035   0.446   3.330   0.595   6.273   5.018   4.845   0.111   1.407
   0.000   0.336   0.732   0.566  90.767   0.908   0.5321978.389   0.141   0.121   0.128  72.153   8.192   0.599   3.058   2.455   7.098   1.315   1.417   1.785  -5.451
   0.000   0.324   1.183   0.132  75.582   0.517   0.9302653.560   0.114   0.172   0.531 247.558  18.815   2.025   4.150   1.748   6.001   1.378   4.849   1.049  -8.503
   0.000   0.410   1.373   0.768  71.241   0.876   0.2771724.585   0.152   0.214   0.686 453.468  18.200   1.695   0.039   1.976   2.126   5.653  -0.609   0.035 -10.829
   0.000   0.291   1.124   0.830 497.208   0.597   0.4431042.760   0.118   0.074   0.270 328.867  14.142   0.881   0.088   1.525   2.923   3.016   3.014   2.734  -5.901
   0.000   0.368   0.775   0.128 203.647   0.181   0.2253287.645   0.036   0.196   0.515 115.151   7.537   1.832   2.985   0.978   2.211   2.380   4.783   0.447   0.666
   0.000   0.347   0.846   0.674  93.044   0.731   0.1244147.776   0.047   0.235   0.564 303.217   6.351   2.092   1.514   2.824   5.588   3.393   4.908   1.217  -8.323
   0.000   0.407   0.866   0.311 385.111   0.305   0.269 997.546   0.222   0.230   0.386 152.537  14.498   1.433   1.150   2.946   6.728   1.666   1.087   1.656   3.895
   0.000   0.402   0.758   0.195 258.122   0.085   0.1392205.984   0.074   0.126   0.350 178.082   2.222   0.664   2.528   1.388   5.632   5.940   2.760   2.978  -4.581
   0.000   0.194   0.622   0.636 495.760   0.830   0.2732415.340   0.206   0.109   0.743 952.557   7.598   1.587   2.716   0.028   2.101   1.864   4.536   1.285 -14.069
   0.000   0.270   0.667   0.529 219.162   0.487   0.319 665.866   0.172   0.220   0.475 828.803   6.757   1.832   3.425   1.237   2.526   4.929   2.987   2.698 -14.966
   0.000   0.350   1.226   0.430  63.378   0.340   0.212  76.481   0.242   0.116   0.451  95.815  19.668   1.240   4.749   0.400   4.375   5.065   0.432   1.331 -10.649
   0.000   0.351   0.872   0.699 228.224   0.487   0.6221354.110   0.062   0.206   0.406 231.468  16.951   0.563   3.825   2.111   3.506   5.508  -0.865   2.064   1.943
   0.000   0.268   1.119   0.592 473.436   0.581   0.2102337.081   0.082   0.116   0.921 758.219   4.884   2.385   0.268   0.675   2.056   1.899   3.226   2.890   0.954
   0.000   0.308   1.276   0.376 198.034   0.382   0.9131239.148   0.040   0.030   0.477  41.305   4.227   2.833   2.170   0.666   3.757   4.404   3.345   0.855 -13.120
   0.000   0.331   0.745   0.946 375.278   0.747   0.9113634.352   0.018   0.208   0.372 110.727   2.372   0.038   4.038   1.387   2.183   2.079   2.180   2.540 -12.945
   0.000   0.246   1.002   0.198 268.327   0.593   0.701 480.992   0.076   0.128   0.189 356.877   9.656   2.890   1.343   0.245   2.964   3.066   2.365   2.864 -12.635
   0.000   0.365   1.252   0.055 120.843   0.876   0.5634314.773   0.124   0.002   0.556 112.223   1.933   0.202   4.277   0.395   3.540   0.945  -0.968   1.992  -9.274
   0.000   0.358   0.811   0.654 204.057   0.178   0.1383518.930   0.002   0.054   0.576 718.552  15.228   1.775   1.572   2.605   4.412   4.627   2.356   2.851  -1.390
   0.000   0.000   0.625   0.613 440.625   0.837   0.613 668.750   0.094   0.094   0.837 625.038  12.875   2.625   4.376   0.375   4.250   2.500   4.250   1.875 -12.500


 *** OPTIMIZATION SEARCH TERMINATED BECAUSE THE LIMIT ON THE MAXIMUM
     NUMBER OF TRIALS    50 EXCEEDED.  SEARCH WAS STOPPED AT
     SUB-COMPLEX   0 OF COMPLEX   0 IN SHUFFLING LOOP   0 ***


*** PRINT THE FINAL PARAMETER ESTIMATE AND ITS CRITERION VALUE ***

 CRITERION    X1      X2      X3      X4      X5      X6      X7      X8      X9     X10     X11     X12     X13     X14     X15     X16     X17     X18     X19
   0.000   0.526   0.668 159.080   0.825   0.073 225.561   0.071   0.109   0.235 926.898  17.572   2.053   2.021   2.786   5.509   5.640   3.194   2.701  -2.653
