

  ==================================================
  ENTER THE SHUFFLED COMPLEX EVOLUTION GLOBAL SEARCH
  ==================================================


*** PRINT THE INITIAL POINT AND ITS CRITERION VALUE ***

 CRITERION    X1      X2      X3      X4      X5      X6      X7      X8      X9
   2.229   0.750   0.725 143.7503762.500   0.063 750.003   5.750   2.250   3.753


 *** PRINT THE RESULTS OF THE SCE SEARCH ***

 LOOP TRIALS COMPLXS BEST F WORST F PAR RNG     X1      X2      X3      X4      X5      X6      X7      X8      X9
    0    50      10   1.729   8.201   0.404   0.797   0.779 387.4661756.146   0.169   8.159  17.154   0.469   4.983

 POPULATION AT LOOP   0
 ----------------------
   1.729   0.404   0.797   0.779 387.4661756.146   0.169   8.159  17.154   0.469   4.983
   1.762   0.333   0.971   0.067 452.3974655.155   0.212 985.884   4.900   1.529   4.247
   1.825   0.317   0.985   0.532 392.989 190.144   0.034 807.439  13.212   0.616   3.991
   1.877   0.219   0.692   0.549 323.1931952.768   0.074 990.149   7.125   0.994   4.749
   1.882   0.271   0.654   0.512 123.7761752.318   0.144 164.645  11.063   1.137   3.294
   1.980   0.190   0.861   0.244 172.1441124.285   0.107 824.122   7.402   1.871   3.815
   2.029   0.166   0.725   0.408 366.5973562.416   0.084 430.347   3.187   2.275   4.075
   2.068   0.233   0.546   0.051 144.1783939.812   0.033 396.104  12.491   2.555   2.882
   2.070   0.214   0.504   0.623 410.6964336.541   0.125 930.348  12.256   1.912   3.798
   2.072   0.202   0.915   0.387 349.7831726.995   0.053 733.706   4.986   1.698   4.519
   2.090   0.354   0.644   0.333 499.7671446.445   0.185 768.896  16.425   1.690   2.889
   2.136   0.392   0.967   0.517 362.5494086.674   0.226 737.664  18.264   0.167   1.086
   2.203   0.268   0.532   0.699 257.2462493.290   0.101 284.801  10.958   0.634   2.544
   2.215   0.393   0.996   0.387  55.331 241.272   0.075 521.480  18.538   0.074   2.052
   2.229   0.000   0.750   0.725 143.7503762.500   0.063 750.003   5.750   2.250   3.753
   2.257   0.284   0.946   0.228 121.5094211.029   0.177 126.123  12.289   2.296   4.918
   2.261   0.285   0.890   0.637 406.4521764.282   0.037 697.856  16.280   0.854   2.776
   2.284   0.317   0.556   0.264  32.3442698.691   0.056 563.260   3.168   0.076   0.662
   2.332   0.286   0.755   0.606 291.9681710.591   0.080 120.413  10.682   0.902   2.238
   2.400   0.232   0.791   0.593 372.0163317.182   0.202 336.316   9.532   2.313   3.080
   2.625   0.375   0.511   0.481 413.1243144.711   0.159 259.346  17.881   0.409   3.968
   2.840   0.281   0.526   0.509 352.7892507.925   0.124 352.153   8.946   2.512   1.397
   2.932   0.169   0.900   0.712 342.0611534.248   0.037 857.658   2.707   2.163   3.308
   3.022   0.299   1.034   0.369  92.0471104.063   0.196 897.543  12.870   1.421   3.591
   3.061   0.288   0.920   0.515 433.0501767.170   0.100 167.400   3.708   2.101   2.302
   3.104   0.287   1.150   0.255 103.4172899.779   0.188 314.050   5.683   1.475   4.735
   3.121   0.357   0.899   0.583 458.6554294.737   0.031 188.217   3.006   0.364   0.421
   3.142   0.297   1.283   0.076 100.8403930.462   0.028 828.735  13.334   0.923   4.885
   3.208   0.471   1.449   0.082 354.6404327.772   0.237 495.375  16.084   0.606   4.855
   3.348   0.243   1.095   0.302  43.4223799.356   0.037 143.981   4.064   1.307   3.572
   3.453   0.281   0.944   0.895 282.3714577.191   0.098 130.912   1.301   1.219   1.994
   3.609   0.287   0.737   0.752  26.389 150.052   0.015 856.364   6.653   0.521   0.561
   3.725   0.258   1.041   0.559 400.9771694.653   0.076 753.908  10.712   1.493   2.149
   3.733   0.246   1.244   0.709 349.7681640.502   0.007 812.763  10.302   1.409   3.913
   4.142   0.363   1.197   0.192  65.4214875.317   0.118 989.888   2.470   0.302   0.961
   4.240   0.224   0.996   0.713  25.0851309.055   0.071 183.765   4.170   2.868   3.122
   4.310   0.300   1.298   0.534 119.9914406.014   0.211 355.553   3.867   0.836   4.753
   4.415   0.324   1.472   0.282 314.0552493.197   0.106 487.324  12.979   2.451   4.785
   4.474   0.218   1.234   0.743 334.4233008.306   0.103 465.236  12.180   2.594   3.762
   4.506   0.271   1.497   0.225 176.8193211.808   0.014 306.378   4.685   2.308   4.940
   4.554   0.315   1.217   0.577 446.1964188.194   0.087 251.375   7.145   1.050   1.709
   4.686   0.385   1.257   0.353 124.131 244.871   0.129 236.919   1.542   0.244   4.365
   4.772   0.257   0.594   0.425  62.1262644.554   0.014 536.193   9.918   2.693   0.530
   5.043   0.303   1.148   0.941 250.3722411.548   0.005 832.994   5.067   0.544   0.406
   5.129   0.230   1.435   0.140  74.6323603.102   0.037 780.219   7.142   2.921   4.397
   5.496   0.322   1.395   0.117 163.1303921.893   0.242 273.575   5.672   2.485   2.643
   5.706   0.290   1.227   0.365 150.8403801.684   0.150  54.270   9.987   2.584   2.118
   5.886   0.245   1.275   0.445 289.9594356.833   0.137 765.061   8.688   2.633   2.040
   6.062   0.298   1.381   0.384 262.5472216.324   0.114 734.432   2.203   1.709   1.157
   8.201   0.250   1.248   0.943  86.3014163.647   0.079 982.980  15.132   2.355   1.367


 *** OPTIMIZATION SEARCH TERMINATED BECAUSE THE LIMIT ON THE MAXIMUM
     NUMBER OF TRIALS    50 EXCEEDED.  SEARCH WAS STOPPED AT
     SUB-COMPLEX   0 OF COMPLEX   0 IN SHUFFLING LOOP   0 ***


*** PRINT THE FINAL PARAMETER ESTIMATE AND ITS CRITERION VALUE ***

 CRITERION    X1      X2      X3      X4      X5      X6      X7      X8      X9
   1.729   0.797   0.779 387.4661756.146   0.169   8.159  17.154   0.469   4.983
