

  ==================================================
  ENTER THE SHUFFLED COMPLEX EVOLUTION GLOBAL SEARCH
  ==================================================


*** PRINT THE INITIAL POINT AND ITS CRITERION VALUE ***

 CRITERION    X1      X2      X3      X4      X5      X6      X7      X8      X9
   3.252   1.000   0.500 262.5002525.000   0.125 500.005  10.500   1.500   2.505


 *** PRINT THE RESULTS OF THE SCE SEARCH ***

 LOOP TRIALS COMPLXS BEST F WORST F PAR RNG     X1      X2      X3      X4      X5      X6      X7      X8      X9
    0   190      10   1.628  10.997   0.233   1.008   0.161 398.6392657.624   0.021 208.680   9.459   0.726   4.366

 POPULATION AT LOOP   0
 ----------------------
   1.628   0.233   1.008   0.161 398.6392657.624   0.021 208.680   9.459   0.726   4.366
   1.656   0.225   0.840   0.137 271.2304318.648   0.078 344.240  12.781   0.686   4.223
   1.718   0.257   0.730   0.209 209.0681691.338   0.145  42.215  16.389   2.053   4.518
   1.788   0.250   0.769   0.632 104.217 320.246   0.102 285.614  12.825   0.905   4.797
   1.800   0.240   0.687   0.146 290.5562585.798   0.201 815.679  12.080   2.058   4.966
   1.801   0.295   0.606   0.329 131.5641033.704   0.238 391.971   5.212   2.254   4.537
   1.842   0.225   0.918   0.168 392.519 852.562   0.199 426.968  14.879   0.444   2.556
   1.845   0.294   0.650   0.438  49.4793982.119   0.192 947.434  14.624   1.762   4.840
   1.850   0.249   0.621   0.393  73.6942791.082   0.038 466.794   9.950   2.673   4.923
   1.854   0.291   0.797   0.714 417.188 136.333   0.005 557.628  17.770   1.336   4.449
   1.909   0.188   0.902   0.503 159.8801517.728   0.159 793.800   9.895   0.678   4.697
   1.923   0.225   0.893   0.710 274.8662431.539   0.018  40.894  16.061   0.366   2.897
   1.926   0.222   0.677   0.113 248.0392979.876   0.211  58.187  13.930   1.598   3.147
   1.993   0.212   0.573   0.564 219.2421393.488   0.123 386.932   2.898   2.558   3.583
   2.001   0.228   0.668   0.132 418.6123314.033   0.149 483.356   4.283   1.363   4.227
   2.005   0.299   0.700   0.100 383.3062100.700   0.037 183.505  18.694   1.047   4.295
   2.042   0.257   0.596   0.754 313.0471342.677   0.195 724.379  15.281   0.386   3.257
   2.083   0.261   0.524   0.099 142.0722798.837   0.018 611.133  14.282   1.490   4.394
   2.088   0.304   0.770   0.222 377.239 475.752   0.121 909.288   2.869   2.422   4.517
   2.106   0.254   1.114   0.554 381.1063159.660   0.222 957.207  16.860   0.389   3.435
   2.106   0.219   0.914   0.248 416.449 115.343   0.064 668.980   5.509   1.623   2.898
   2.106   0.210   1.021   0.309 250.3404290.889   0.033 506.143  19.756   1.350   4.311
   2.137   0.223   0.857   0.339 167.7663469.057   0.181 592.912  18.807   2.231   3.981
   2.149   0.327   0.671   0.184  70.856 386.991   0.068  64.444   1.252   1.018   3.049
   2.162   0.223   1.117   0.444 245.4853205.848   0.005 243.011  17.782   0.358   3.240
   2.174   0.200   0.599   0.467 268.7773567.692   0.092 281.597   3.225   0.524   2.112
   2.174   0.302   0.740   0.909 446.795 469.747   0.013 371.965  16.533   0.664   2.627
   2.180   0.218   0.891   0.164 332.4043079.174   0.167 765.001   2.854   1.221   3.959
   2.183   0.216   0.814   0.340 140.9001733.373   0.073 428.112   7.851   0.112   3.898
   2.197   0.184   1.116   0.218 278.3982584.136   0.109 112.529  16.400   0.390   2.736
   2.216   0.402   0.507   0.904 496.058 575.158   0.246  14.167  17.309   0.894   3.790
   2.220   0.176   0.834   0.408 117.0103175.665   0.157 486.024   8.189   2.348   4.161
   2.222   0.239   0.961   0.537 180.0044658.314   0.237 901.284   8.164   0.712   3.652
   2.245   0.251   1.036   0.574  90.3834562.273   0.179 225.371  17.499   0.021   2.415
   2.251   0.189   0.722   0.173  92.8214034.007   0.123 161.554  10.998   1.506   2.623
   2.261   0.282   0.551   0.459  39.3853340.711   0.010 904.037   5.389   2.177   2.730
   2.268   0.205   0.581   0.838 261.1202501.685   0.137 181.309   1.677   1.759   3.139
   2.303   0.304   1.026   0.234 328.903 222.619   0.011 945.085   7.553   2.610   4.397
   2.305   0.262   0.764   0.490 410.2894461.406   0.163  95.120   1.955   1.797   4.057
   2.331   0.294   1.031   0.100 398.3704022.310   0.102 334.865  17.288   0.075   4.957
   2.349   0.252   0.725   0.113 349.4424298.434   0.239 543.113   5.940   1.998   1.917
   2.354   0.253   0.837   0.349 394.7433559.356   0.004 334.468   3.093   1.012   3.778
   2.362   0.322   0.829   0.660 148.5194353.712   0.218 950.938   7.301   2.899   4.913
   2.377   0.251   0.907   0.799 237.098 914.843   0.146  83.542   4.248   0.089   1.745
   2.387   0.230   0.819   0.398 216.642 501.065   0.063  83.229   9.326   2.670   3.274
   2.417   0.265   0.521   0.878 411.2544831.946   0.241 475.987   9.567   1.311   1.963
   2.425   0.271   0.572   0.191 228.9414361.225   0.064 377.349   9.230   0.403   4.626
   2.490   0.279   0.657   0.847  61.3261542.392   0.061 197.742  15.974   2.162   2.952
   2.524   0.332   1.313   0.175 466.170 560.956   0.021 557.192   4.682   0.679   4.664
   2.529   0.255   0.718   0.506 483.9352806.039   0.022 203.341   7.668   0.352   1.322
   2.529   0.338   0.543   0.435 464.0634129.975   0.175 811.885   3.476   0.032   4.493
   2.576   0.240   0.667   0.225  67.9741305.628   0.100 692.200  15.629   2.320   2.367
   2.643   0.289   0.673   0.175 411.1351098.544   0.039 120.889   5.854   1.935   1.535
   2.720   0.271   0.545   0.194 125.0303177.500   0.219 592.215  16.596   2.204   1.514
   2.728   0.203   0.670   0.338 334.9492510.521   0.033  78.081   9.160   1.249   1.458
   2.746   0.172   1.047   0.377 363.2802324.045   0.185 663.773  17.430   0.684   2.141
   2.756   0.252   0.764   0.458 126.9584776.916   0.213 847.512   5.774   2.331   2.392
   2.770   0.219   0.979   0.619 477.3181501.671   0.024 916.676   5.797   1.483   2.933
   2.793   0.287   1.085   0.370 115.2924741.355   0.004 243.192   3.960   1.296   4.699
   2.798   0.358   0.591   0.433 115.4204234.732   0.191  43.219  19.323   0.136   0.278
   2.817   0.356   0.563   0.805  27.9884008.543   0.070  76.324   2.915   0.663   0.954
   2.819   0.249   0.532   0.474 374.6764626.730   0.108 548.715  14.644   0.214   0.935
   2.832   0.232   0.725   0.765 197.1283842.542   0.072 590.124   1.055   1.824   1.500
   2.869   0.259   0.765   0.771 396.8001147.839   0.168 383.511   2.405   0.948   0.810
   2.874   0.219   1.108   0.208 171.677 640.012   0.131 388.709  12.197   2.516   4.547
   2.877   0.282   0.673   0.487  28.4724271.661   0.226 232.375  11.062   0.370   1.131
   2.896   0.306   1.032   0.318  46.170 566.707   0.070 283.739   3.947   0.104   4.585
   2.926   0.197   0.677   0.748 247.2302977.080   0.132 110.967  18.554   1.744   1.865
   2.955   0.168   0.578   0.517 264.234 312.336   0.060 503.129   9.080   1.550   1.190
   2.964   0.242   0.587   0.774 362.5672134.302   0.163 782.274  16.236   2.255   1.577
   2.966   0.189   0.939   0.771 165.1892781.204   0.242 131.806   9.033   1.538   3.271
   3.020   0.269   1.140   0.846 195.172 129.469   0.080 750.991  16.902   0.259   2.075
   3.020   0.303   0.566   0.260  55.770 568.108   0.172 162.229  15.726   1.080   1.232
   3.025   0.209   1.120   0.366 162.4282269.118   0.206 651.388  19.268   1.735   4.200
   3.026   0.177   0.838   0.445 100.6202203.253   0.175 330.717   1.691   1.779   2.709
   3.028   0.226   0.724   0.848 298.7654701.711   0.144 305.897   7.320   2.565   2.183
   3.040   0.287   0.541   0.759 130.9181763.696   0.023 137.823   9.027   0.809   0.898
   3.047   0.266   0.946   0.189 174.9531718.460   0.193 809.978  13.851   0.217   0.203
   3.048   0.305   0.533   0.272  27.3911583.623   0.070 146.592  18.509   1.133   1.389
   3.061   0.321   0.622   0.080 341.1394441.709   0.217 189.890  13.450   0.686   0.554
   3.069   0.200   1.140   0.719 355.0873208.284   0.161 875.398   7.700   0.736   3.304
   3.095   0.249   1.029   0.509 389.3904587.960   0.188 668.564  16.754   0.264   0.732
   3.117   0.233   1.051   0.754 126.901 949.682   0.031 666.334  15.620   0.788   3.051
   3.156   0.181   0.967   0.409  68.024 900.436   0.092 360.025  13.712   1.884   3.446
   3.177   0.197   1.166   0.674 446.1991616.751   0.055 538.148   7.610   1.517   4.336
   3.180   0.230   1.239   0.553 360.3574287.564   0.195 608.685  18.782   0.665   3.032
   3.191   0.221   1.037   0.799 248.4691029.238   0.246 579.413  17.736   1.748   3.807
   3.204   0.227   1.234   0.759 256.6011601.607   0.169   8.950   7.691   0.188   2.859
   3.252   0.000   1.000   0.500 262.5002525.000   0.125 500.005  10.500   1.500   2.505
   3.278   0.231   0.848   0.497 335.6542930.276   0.010 915.601   2.339   1.161   1.164
   3.307   0.308   0.999   0.087 133.6834082.672   0.181 993.761  15.977   0.307   0.887
   3.313   0.265   1.383   0.246 466.6232222.716   0.242 280.545   9.890   0.324   1.914
   3.320   0.163   1.259   0.727 257.6861693.982   0.120 310.366   8.675   0.392   3.025
   3.367   0.181   0.649   0.483 372.0082264.001   0.066 320.092  14.146   1.713   1.008
   3.369   0.324   0.611   0.797 477.5194965.926   0.070 217.456   6.511   1.046   0.603
   3.376   0.174   1.017   0.431 385.8982112.857   0.175  52.527  11.344   0.740   1.574
   3.395   0.230   0.960   0.943 209.8352245.266   0.176 806.861  19.055   2.206   3.366
   3.396   0.327   1.492   0.103 451.348 103.937   0.092 930.225  10.348   1.048   4.528
   3.400   0.263   1.285   0.288 303.974 766.261   0.065 711.670   3.707   0.222   3.318
   3.444   0.220   1.215   0.511 246.220  62.629   0.205 307.476  17.991   1.388   3.873
   3.447   0.257   1.228   0.411 274.8233256.000   0.002 958.555   3.817   1.631   4.816
   3.466   0.274   0.759   0.662 457.7391453.822   0.068 361.376  19.664   0.760   0.925
   3.485   0.289   0.572   0.564 459.2493885.823   0.075 735.820  16.199   2.558   0.898
   3.507   0.289   0.731   0.321 292.5404868.794   0.198 895.871  15.284   2.761   1.323
   3.510   0.269   0.648   0.572 276.4324438.751   0.247 800.709   4.675   1.802   0.618
   3.513   0.202   1.191   0.386 210.6334245.645   0.218 370.721   4.508   1.204   3.136
   3.536   0.278   0.662   0.778 442.0071838.809   0.024 674.772   7.754   0.884   0.483
   3.548   0.371   0.542   0.358 439.2103245.834   0.240 938.298  19.491   2.877   0.633
   3.556   0.265   0.805   0.355 155.895 509.998   0.032 360.405   4.189   2.591   1.576
   3.642   0.260   1.053   0.686 428.5884511.546   0.036 987.690   4.046   1.781   2.270
   3.756   0.296   0.812   0.060  61.6181157.155   0.159 530.249   2.546   2.864   1.247
   3.791   0.292   0.705   0.530 292.6801465.223   0.229  19.647   1.121   1.995   0.150
   3.794   0.278   1.366   0.196 180.8951897.365   0.236  24.957   7.544   1.274   4.272
   3.902   0.185   0.806   0.721 294.2303228.644   0.160 921.596  13.383   1.791   1.454
   4.026   0.251   0.942   0.595 421.0001800.478   0.093 768.926   1.858   2.841   0.958
   4.029   0.247   1.494   0.219 237.3293854.203   0.122 101.771   8.620   0.167   1.792
   4.032   0.235   0.542   0.685 212.9162849.145   0.096 699.713  17.616   2.077   0.523
   4.063   0.210   1.286   0.557 416.4474063.810   0.157 289.921  16.887   1.647   3.447
   4.064   0.333   0.774   0.937 236.6084835.248   0.243 951.881   6.183   2.684   1.411
   4.078   0.204   1.249   0.154 268.0284141.536   0.090 835.519  10.955   2.368   2.881
   4.101   0.195   1.009   0.390 221.082 132.164   0.170 745.645   8.738   2.973   2.283
   4.212   0.256   1.177   0.635 408.9204177.545   0.126 812.484   2.662   2.741   3.484
   4.309   0.234   0.799   0.661 192.4944614.859   0.114 800.601  16.706   2.265   1.347
   4.340   0.282   1.489   0.090 290.2884651.645   0.160 371.659  11.483   2.598   4.592
   4.373   0.216   1.384   0.177 320.3303587.720   0.192 353.150  17.148   1.443   2.895
   4.389   0.157   1.212   0.568 288.710 392.185   0.098 708.907  14.586   1.239   2.397
   4.483   0.228   0.768   0.695 116.1772532.808   0.149 161.815   7.896   2.973   1.355
   4.531   0.192   1.178   0.441 257.6011586.371   0.089 847.707   1.618   1.187   1.419
   4.540   0.241   1.108   0.156 402.6201228.144   0.175 158.108  14.188   1.134   1.156
   4.575   0.183   1.159   0.281  54.4562061.674   0.200 781.338  11.291   1.286   2.597
   4.597   0.252   1.028   0.054  93.3974050.565   0.220 207.170   9.588   2.182   1.842
   4.609   0.186   1.250   0.710 198.6741632.840   0.200 178.527  11.808   1.058   2.684
   4.776   0.269   0.757   0.922 105.8962075.942   0.247 720.160  13.837   1.842   1.044
   4.802   0.315   1.430   0.916 452.8253064.802   0.223 773.765   6.564   1.190   4.789
   4.837   0.282   1.449   0.095 150.4454254.773   0.107 760.119  16.953   1.871   3.757
   4.890   0.249   1.011   0.834 356.5384823.036   0.081 213.744   6.234   0.972   0.866
   4.976   0.125   1.345   0.500 408.7472247.483   0.154 402.907   9.893   1.191   2.143
   5.051   0.246   1.482   0.385 234.3124700.610   0.167 145.807  17.077   1.315   3.376
   5.114   0.304   1.482   0.608 480.7753673.793   0.189 237.116   8.093   2.582   4.678
   5.124   0.218   0.829   0.709 178.8204921.455   0.118 638.365   5.254   1.438   0.344
   5.130   0.215   1.113   0.861 181.4924341.758   0.038 796.757   9.574   1.812   2.081
   5.132   0.307   1.370   0.590 204.6604677.484   0.108  32.059  19.501   2.760   4.007
   5.189   0.295   1.245   0.216 297.8753090.804   0.248 634.974   1.176   0.357   4.505
   5.361   0.345   1.314   0.125 137.5382795.957   0.016 136.728   1.031   0.606   0.228
   5.366   0.322   0.920   0.944 363.620 647.301   0.021 255.847   3.050   2.439   0.668
   5.427   0.218   1.382   0.666 266.0184356.225   0.143 742.505  12.032   0.443   1.146
   5.438   0.126   1.172   0.471 160.6582866.678   0.131 349.502  13.142   2.225   2.050
   5.480   0.182   1.022   0.665 279.3192718.465   0.248 616.410  13.318   2.731   1.559
   5.490   0.362   1.464   0.674 487.9441653.996   0.250 948.922   3.012   1.069   4.820
   5.545   0.175   1.309   0.561  76.2482261.647   0.078 568.173   3.119   1.604   2.128
   5.552   0.234   1.229   0.097 297.7202007.800   0.052 809.265  10.033   0.746   0.648
   5.637   0.336   1.363   0.741  49.5012170.490   0.030 944.750  17.310   2.529   4.201
   5.637   0.186   1.334   0.424 476.8643188.306   0.161 460.401   7.865   2.312   2.116
   5.740   0.229   1.296   0.514  28.1331010.218   0.210  34.504  10.618   1.471   3.130
   5.765   0.210   1.213   0.911 294.6842913.219   0.098 864.358   5.170   1.954   1.654
   5.768   0.238   1.253   0.130 174.8102218.863   0.041 597.459   3.800   1.267   0.688
   5.778   0.241   1.391   0.303 197.2722492.879   0.218 121.654  17.153   2.395   2.610
   5.966   0.263   1.300   0.344 378.0521797.487   0.003  83.459  13.195   2.454   1.824
   5.970   0.295   1.286   0.714  58.5344004.015   0.028   0.322  10.381   2.673   3.051
   5.991   0.277   1.347   0.416  42.0362366.914   0.023  97.641  12.085   2.963   3.365
   6.067   0.218   1.437   0.297 155.2782748.492   0.203 209.621   5.052   1.799   2.295
   6.099   0.195   1.205   0.888 178.0871883.547   0.111  22.171   9.540   1.288   1.752
   6.173   0.183   1.408   0.590 146.8241535.694   0.120 432.127   2.072   1.541   1.768
   6.198   0.297   1.442   0.762  64.6532289.767   0.070 373.844   1.593   0.569   0.775
   6.351   0.287   1.359   0.190  90.1864381.274   0.137 374.272   2.946   2.950   2.057
   6.441   0.275   1.431   0.700 221.675 146.289   0.074 893.318   7.127   2.726   2.844
   6.445   0.271   1.102   0.486 156.1033644.914   0.008  48.777  14.711   2.999   1.381
   6.463   0.197   1.223   0.629 255.8904596.141   0.116 381.829   5.072   2.491   1.488
   6.463   0.159   1.397   0.336 251.9741305.213   0.126 232.629  13.165   1.574   1.755
   6.476   0.337   0.817   0.945  34.9321892.461   0.237 905.158  15.448   2.397   0.812
   6.686   0.192   1.232   0.479 443.6631435.999   0.090 260.179   8.425   1.358   0.844
   6.792   0.220   1.289   0.516 300.8504100.720   0.065 461.065  18.053   0.732   0.816
   6.852   0.252   1.022   0.233 128.3063719.153   0.041 689.112  15.489   0.992   0.209
   6.907   0.262   1.328   0.917 325.5391154.819   0.074 785.573  13.212   2.888   2.217
   7.026   0.256   1.457   0.695 152.5921422.643   0.167 996.897   4.993   1.898   2.051
   7.082   0.210   1.342   0.736 284.4562604.518   0.201 644.612   4.479   1.178   0.743
   7.220   0.237   1.470   0.877 118.9651326.939   0.104 122.073  14.468   1.583   2.518
   7.321   0.238   1.167   0.540 453.3892548.094   0.035 317.460  18.927   1.083   0.533
   7.530   0.275   1.493   0.238 431.1613359.727   0.124 826.954   6.467   2.719   1.411
   7.978   0.207   1.005   0.613 298.7771633.266   0.095 289.778  16.100   2.854   0.515
   8.066   0.253   1.152   0.341 184.7361395.656   0.156 925.278  18.413   1.090   0.218
   8.518   0.292   1.249   0.648  99.9644277.433   0.190 914.145   5.303   1.244   0.091
   8.940   0.329   1.060   0.752  30.9104151.113   0.219  60.574   2.521   1.921   0.364
   9.124   0.338   1.251   0.747 419.8211148.512   0.216  19.599  19.159   2.261   0.745
   9.505   0.262   1.329   0.260 393.511 724.903   0.095 814.458  12.606   1.934   0.372
   9.543   0.347   1.415   0.215  52.2663395.591   0.237 931.516  17.779   2.225   1.184
  10.364   0.276   1.361   0.229 191.9344302.655   0.124 999.393  16.318   1.457   0.075
  10.545   0.251   1.268   0.367 222.8042157.854   0.050 719.723  16.249   2.796   0.341
  10.730   0.308   1.326   0.709 335.586 197.578   0.031 765.296  18.970   1.780   0.461
  10.997   0.256   1.499   0.253 434.421 701.853   0.110 380.085  12.381   1.712   0.273
    1   413      10   1.622   8.940   0.189   0.988   0.150 313.9914184.687   0.149 415.987  12.855   0.627   3.804

 POPULATION AT LOOP   1
 ----------------------
   1.622   0.189   0.988   0.150 313.9914184.687   0.149 415.987  12.855   0.627   3.804
   1.626   0.194   0.857   0.192 234.2693488.059   0.085 441.214  12.832   0.955   4.914
   1.628   0.233   1.008   0.161 398.6392657.624   0.021 208.680   9.459   0.726   4.366
   1.630   0.296   1.078   0.096 307.5834102.065   0.212   6.431   7.018   0.525   4.359
   1.639   0.196   0.936   0.280 267.5932379.844   0.061 211.568  13.153   0.494   4.458
   1.654   0.228   0.884   0.186 327.7453052.635   0.093 166.615  18.701   1.001   3.913
   1.656   0.225   0.840   0.137 271.2304318.648   0.078 344.240  12.781   0.686   4.223
   1.672   0.238   0.846   0.318 227.9921752.075   0.249 178.009   7.492   0.929   4.463
   1.685   0.262   0.827   0.072 154.8663234.233   0.040 229.810   7.183   1.313   4.946
   1.688   0.237   0.754   0.235 168.3111678.617   0.183 289.157  13.075   0.472   4.004
   1.693   0.184   0.807   0.195 304.3141983.887   0.078 656.679  10.402   1.025   4.585
   1.706   0.178   0.748   0.070 227.2342652.844   0.130 283.230  12.630   1.821   4.072
   1.708   0.242   0.776   0.182 313.7943536.459   0.225 168.981   8.635   1.195   4.298
   1.718   0.256   0.699   0.330 109.3693377.637   0.121 798.004  16.511   0.917   4.977
   1.718   0.257   0.730   0.209 209.0681691.338   0.145  42.215  16.389   2.053   4.518
   1.719   0.236   0.845   0.235 167.8454007.081   0.115 532.621  15.712   0.382   4.745
   1.745   0.211   0.673   0.350 103.3693936.508   0.098 574.881  11.617   0.889   4.195
   1.752   0.202   0.745   0.474 290.682 192.610   0.183 792.734   9.173   1.587   4.431
   1.756   0.158   1.032   0.353 322.6592435.725   0.112 189.809  13.554   0.367   3.381
   1.758   0.273   0.838   0.171 480.2683883.769   0.139 152.099  18.365   1.130   3.766
   1.785   0.197   0.667   0.361 233.2981713.872   0.192 787.576  11.934   1.581   4.507
   1.788   0.250   0.769   0.632 104.217 320.246   0.102 285.614  12.825   0.905   4.797
   1.789   0.176   0.649   0.591 228.5892241.878   0.205 459.940   6.323   1.062   3.902
   1.789   0.332   0.661   0.148 101.9944161.973   0.201 636.262  17.176   2.786   4.367
   1.791   0.217   0.623   0.475 124.1363033.927   0.196 799.061  12.296   1.523   4.833
   1.795   0.216   0.840   0.251 198.3472007.540   0.144 857.598   6.334   0.996   4.740
   1.800   0.240   0.687   0.146 290.5562585.798   0.201 815.679  12.080   2.058   4.966
   1.801   0.295   0.606   0.329 131.5641033.704   0.238 391.971   5.212   2.254   4.537
   1.802   0.123   0.711   0.337 208.1592657.524   0.111 435.094  12.026   1.616   3.761
   1.806   0.245   0.732   0.878 143.6821704.818   0.122 233.510  11.189   0.436   4.663
   1.811   0.226   0.657   0.253 144.6923739.798   0.197 553.758  10.137   2.308   3.976
   1.813   0.151   0.818   0.338 235.1342300.158   0.054 317.367  10.385   1.749   4.179
   1.813   0.153   0.665   0.419 258.8311427.203   0.128 392.060  13.525   1.267   4.318
   1.815   0.176   0.849   0.564 211.8261769.031   0.179 705.400  13.620   1.057   4.360
   1.815   0.226   0.744   0.662  95.7723796.937   0.082 676.799  10.818   0.829   4.499
   1.823   0.249   0.649   0.549 318.3701585.914   0.009 768.604  11.660   2.442   4.574
   1.832   0.160   0.851   0.335 342.5101242.439   0.089 606.020   7.424   1.323   3.527
   1.840   0.157   0.903   0.190 341.161 779.142   0.133 467.776  13.282   1.293   3.390
   1.841   0.236   0.595   0.431 150.683 824.146   0.181 428.359   7.365   2.372   4.054
   1.842   0.225   0.918   0.168 392.519 852.562   0.199 426.968  14.879   0.444   2.556
   1.843   0.230   0.689   0.132 213.2561016.748   0.184 557.849   8.752   2.574   3.473
   1.845   0.294   0.650   0.438  49.4793982.119   0.192 947.434  14.624   1.762   4.840
   1.849   0.180   0.881   0.269 356.8042869.626   0.123 968.402   7.489   1.751   3.767
   1.850   0.249   0.621   0.393  73.6942791.082   0.038 466.794   9.950   2.673   4.923
   1.850   0.183   0.625   0.749 374.3041286.186   0.136 507.132   9.285   1.300   4.153
   1.851   0.280   0.714   0.245 176.622 915.457   0.227 193.842   9.962   2.749   3.940
   1.854   0.291   0.797   0.714 417.188 136.333   0.005 557.628  17.770   1.336   4.449
   1.860   0.231   0.815   0.084 103.7403458.633   0.142 523.272   4.105   1.020   4.125
   1.861   0.345   0.675   0.803 341.775  96.483   0.209 182.108  17.191   0.570   4.846
   1.863   0.223   0.652   0.186 197.0431159.032   0.102 732.559  10.173   1.218   4.789
   1.864   0.278   0.554   0.926 151.7141462.510   0.136 188.645   6.027   2.012   4.370
   1.865   0.249   0.670   0.516  39.4193624.521   0.062 758.353   8.621   0.910   4.449
   1.865   0.269   0.663   0.324 392.5622950.725   0.224 183.938  16.538   1.705   4.672
   1.867   0.289   0.807   0.291 361.1001762.088   0.226 900.535  19.682   2.291   3.838
   1.869   0.212   1.123   0.257 310.1351821.304   0.110 314.070  17.876   0.246   3.609
   1.880   0.321   0.787   0.161 474.7394886.208   0.030 129.562  13.130   0.928   3.951
   1.881   0.192   0.914   0.394 183.6021184.732   0.099 322.023   7.298   0.391   3.836
   1.883   0.255   1.073   0.067 338.7552104.431   0.192 838.411  16.564   1.702   4.994
   1.884   0.179   0.793   0.382 162.7433378.452   0.150 576.787  16.627   1.738   4.082
   1.885   0.251   0.541   0.903  48.5192659.210   0.139 431.813   8.921   2.068   4.902
   1.890   0.254   0.638   0.329 302.502 858.314   0.122 923.875   4.347   1.856   4.662
   1.897   0.131   0.856   0.292 187.2643400.566   0.119 393.015   9.494   1.545   3.857
   1.900   0.226   0.832   0.658 140.0851445.923   0.168 607.586  17.106   1.113   4.790
   1.909   0.188   0.902   0.503 159.8801517.728   0.159 793.800   9.895   0.678   4.697
   1.910   0.272   0.704   0.082 377.0073963.946   0.212 564.853   4.990   2.606   2.925
   1.912   0.244   0.721   0.276 359.1984874.611   0.028 360.369   6.108   1.248   3.200
   1.917   0.177   0.869   0.656 285.3271195.987   0.131 333.701   7.608   0.506   3.996
   1.921   0.161   0.575   0.524 164.5703105.125   0.100 376.478  10.069   0.961   3.733
   1.923   0.225   0.893   0.710 274.8662431.539   0.018  40.894  16.061   0.366   2.897
   1.924   0.311   0.580   0.668  73.219 195.474   0.040 866.717  14.773   1.904   3.798
   1.926   0.222   0.677   0.113 248.0392979.876   0.211  58.187  13.930   1.598   3.147
   1.927   0.146   0.765   0.403 279.9553416.965   0.076 848.591  11.146   1.535   3.321
   1.938   0.157   0.773   0.283 250.6791405.931   0.126 318.512  10.390   2.362   3.580
   1.939   0.171   0.560   0.426 170.3212481.293   0.111 761.822  13.172   1.911   3.591
   1.941   0.253   0.587   0.415 165.8812489.456   0.079 213.520  19.566   2.716   3.529
   1.942   0.288   0.692   0.418 155.6254582.627   0.025 991.367  15.505   2.051   3.567
   1.942   0.221   0.710   0.086 478.6603130.714   0.122 361.101   8.319   1.579   4.328
   1.943   0.126   0.628   0.455 254.5502880.838   0.127 284.528   6.330   1.217   2.936
   1.944   0.313   0.844   0.459  51.2734583.787   0.220 711.074  19.775   0.437   4.096
   1.947   0.167   0.870   0.632 160.9411645.812   0.141 473.432  13.148   1.086   4.827
   1.948   0.176   0.798   0.464 129.7863568.385   0.130 525.759  18.315   1.639   4.230
   1.950   0.318   0.530   0.058  97.070 632.118   0.233 635.488  11.850   2.397   3.657
   1.958   0.158   0.800   0.700 326.7542543.852   0.049 349.502  10.069   0.577   2.870
   1.961   0.269   0.887   0.845 369.640 110.800   0.059 589.643  14.930   1.028   4.837
   1.965   0.220   0.513   0.410 189.2283051.930   0.177 710.620   8.055   2.160   4.306
   1.971   0.242   0.670   0.404 200.1313581.050   0.169 864.290  19.159   2.210   3.347
   1.976   0.272   0.518   0.438 238.875 421.638   0.045 604.695  18.367   2.336   3.999
   1.985   0.162   0.900   0.337 165.7673156.911   0.067 411.142   7.297   1.381   4.068
   1.988   0.190   0.859   0.590  85.4242691.707   0.076 753.627  10.744   0.709   4.145
   1.991   0.232   0.555   0.598 241.9402147.662   0.228 278.032   7.174   2.811   3.343
   1.993   0.212   0.573   0.564 219.2421393.488   0.123 386.932   2.898   2.558   3.583
   1.999   0.242   0.566   0.196 264.1303736.827   0.175 819.703  13.039   2.310   3.689
   2.000   0.184   0.831   0.722 212.9821305.285   0.143 169.443   8.312   0.629   2.912
   2.001   0.228   0.668   0.132 418.6123314.033   0.149 483.356   4.283   1.363   4.227
   2.005   0.299   0.700   0.100 383.3062100.700   0.037 183.505  18.694   1.047   4.295
   2.011   0.230   0.731   0.790 206.546 170.923   0.100 683.922   5.641   1.422   4.092
   2.011   0.249   0.699   0.124 186.4721103.810   0.036 576.153   8.983   0.480   3.600
   2.012   0.185   0.543   0.327 299.1142430.084   0.139 574.712   5.295   1.833   4.506
   2.013   0.149   0.783   0.544  79.1682813.497   0.175 454.667  10.033   0.523   2.662
   2.020   0.132   0.835   0.614 226.1622506.199   0.178 308.051   8.711   1.130   3.477
   2.024   0.160   0.709   0.250 161.5801935.215   0.078 339.542  12.139   1.357   2.801
   2.024   0.260   0.623   0.555 229.2213372.353   0.223 287.384  19.450   0.351   3.516
   2.028   0.254   0.649   0.053 436.0891552.149   0.128 864.573   2.541   1.389   2.273
   2.029   0.275   1.193   0.459 369.0631681.133   0.038 292.736  18.490   0.373   4.948
   2.030   0.275   0.796   0.648 326.316 518.215   0.231 155.427  13.642   2.236   4.410
   2.032   0.255   0.522   0.757 322.681 559.817   0.203 649.659   4.629   0.929   2.746
   2.042   0.257   0.596   0.754 313.0471342.677   0.195 724.379  15.281   0.386   3.257
   2.044   0.259   0.768   0.924 468.8522563.817   0.040 592.742  15.873   1.799   4.324
   2.045   0.236   0.821   0.410  71.555 595.594   0.100 286.991  16.384   0.994   3.779
   2.047   0.213   0.575   0.848 279.1961579.159   0.173 389.053   8.916   0.259   2.899
   2.052   0.219   0.659   0.409 356.0353347.852   0.147 688.777   6.339   0.576   4.333
   2.064   0.341   0.585   0.691  25.5671823.670   0.203 885.378   6.044   0.291   4.840
   2.066   0.238   0.866   0.089 212.4664113.815   0.115 402.455   3.139   0.528   3.880
   2.069   0.290   0.733   0.621 264.8703628.415   0.243  34.665   2.783   2.548   3.964
   2.071   0.212   0.879   0.113  96.897 533.611   0.119 586.520  13.143   0.815   3.128
   2.072   0.232   0.810   0.085 320.0172492.333   0.024  92.613  12.826   0.400   2.480
   2.081   0.262   0.707   0.302 204.3611049.047   0.020 191.481  15.686   2.432   3.060
   2.082   0.201   0.900   0.072  75.8862270.918   0.101 306.435  11.863   1.454   4.534
   2.083   0.261   0.524   0.099 142.0722798.837   0.018 611.133  14.282   1.490   4.394
   2.086   0.187   0.505   0.456 245.4511603.952   0.087 105.528  12.407   1.708   3.494
   2.088   0.304   0.770   0.222 377.239 475.752   0.121 909.288   2.869   2.422   4.517
   2.089   0.239   1.071   0.510 397.446 191.641   0.032 552.145  18.697   0.468   3.061
   2.093   0.206   0.677   0.239 245.2781418.901   0.187 491.145  16.257   2.576   2.831
   2.102   0.180   0.515   0.626 269.2531744.106   0.168 488.464  18.147   1.923   3.002
   2.106   0.254   1.114   0.554 381.1063159.660   0.222 957.207  16.860   0.389   3.435
   2.106   0.210   1.021   0.309 250.3404290.889   0.033 506.143  19.756   1.350   4.311
   2.112   0.228   1.023   0.610 218.5351595.967   0.105 970.170  14.123   0.343   4.957
   2.112   0.179   0.564   0.240 252.5133096.483   0.065 347.148  14.592   1.605   3.006
   2.116   0.117   0.713   0.273 293.6842270.488   0.105 286.931  10.972   1.660   2.628
   2.118   0.254   0.983   0.131 265.501 198.995   0.189 129.146  18.865   0.565   2.528
   2.118   0.142   0.644   0.386 331.0181680.620   0.066 469.129   9.408   1.856   2.697
   2.120   0.221   0.649   0.114 365.5554584.007   0.060 677.193  11.046   1.696   2.702
   2.129   0.145   0.729   0.564 369.5651133.710   0.149 260.065  10.830   1.579   2.914
   2.132   0.252   0.698   0.182 196.6702282.680   0.027  55.356  14.129   0.327   2.478
   2.137   0.240   0.526   0.286 205.443 729.779   0.075 636.871  12.391   1.379   4.938
   2.144   0.272   0.626   0.887 430.8452385.503   0.167 336.867   8.265   0.324   4.588
   2.144   0.251   0.852   0.895 171.5521944.944   0.016 259.042  13.746   1.344   4.821
   2.162   0.223   1.117   0.444 245.4853205.848   0.005 243.011  17.782   0.358   3.240
   2.170   0.250   0.729   0.620 459.7671081.931   0.145 861.271  10.616   2.961   3.529
   2.174   0.302   0.740   0.909 446.795 469.747   0.013 371.965  16.533   0.664   2.627
   2.175   0.292   0.911   0.086  40.5694433.896   0.021 668.060   8.365   0.225   2.999
   2.177   0.261   0.584   0.130 251.1221522.118   0.025 436.438   3.144   1.400   4.520
   2.179   0.211   0.579   0.780 277.9191549.054   0.237 107.401  10.797   1.640   2.679
   2.194   0.199   0.530   0.165 377.3462469.676   0.156 492.783  13.020   2.132   3.644
   2.197   0.184   1.116   0.218 278.3982584.136   0.109 112.529  16.400   0.390   2.736
   2.198   0.186   0.939   0.303 206.5931730.383   0.131 889.367  19.578   1.407   3.498
   2.205   0.193   0.937   0.236 448.3562745.463   0.217 931.545  10.622   1.671   2.913
   2.207   0.235   0.558   0.133 416.6572108.166   0.176 504.867   6.755   1.852   4.173
   2.214   0.263   0.531   0.224 227.9821823.629   0.165 366.510   1.570   2.202   4.394
   2.234   0.255   0.558   0.883 254.697 592.937   0.064 551.468  13.494   0.229   3.185
   2.245   0.251   1.036   0.574  90.3834562.273   0.179 225.371  17.499   0.021   2.415
   2.255   0.105   1.003   0.509 234.4781958.952   0.078 541.405  13.248   0.632   2.956
   2.261   0.282   0.551   0.459  39.3853340.711   0.010 904.037   5.389   2.177   2.730
   2.268   0.205   0.581   0.838 261.1202501.685   0.137 181.309   1.677   1.759   3.139
   2.270   0.221   1.234   0.115 325.9212276.128   0.101 708.513  11.168   0.481   4.795
   2.281   0.135   0.933   0.594 277.4381401.616   0.178 447.600  14.658   1.156   3.436
   2.307   0.244   0.961   0.320 459.439 778.069   0.045 168.581   8.536   2.205   3.483
   2.312   0.195   0.773   0.739 480.5611383.165   0.098 628.940   5.204   1.534   2.721
   2.331   0.294   1.031   0.100 398.3704022.310   0.102 334.865  17.288   0.075   4.957
   2.333   0.132   0.836   0.482 142.0051191.726   0.127 333.573  12.548   1.630   3.302
   2.344   0.174   1.109   0.166 277.6491896.960   0.078 189.856   8.358   1.229   3.629
   2.349   0.252   0.725   0.113 349.4424298.434   0.239 543.113   5.940   1.998   1.917
   2.354   0.253   0.837   0.349 394.7433559.356   0.004 334.468   3.093   1.012   3.778
   2.375   0.166   0.861   0.512 371.1751779.450   0.063 675.088  17.636   1.689   3.015
   2.387   0.287   0.783   0.108 318.3173941.206   0.220  79.994   1.050   0.838   2.550
   2.425   0.271   0.572   0.191 228.9414361.225   0.064 377.349   9.230   0.403   4.626
   2.468   0.184   0.977   0.081 331.5942049.581   0.191 504.841  10.155   0.400   1.172
   2.478   0.237   1.149   0.588 250.660 311.390   0.076 494.908  19.764   0.767   4.884
   2.531   0.146   0.694   0.549 360.0413594.886   0.100 341.691   8.441   1.362   1.918
   2.583   0.247   1.153   0.372 123.2601160.844   0.143  50.256  13.205   0.430   4.202
   2.610   0.242   1.276   0.137 456.1392205.519   0.179 913.405  10.967   1.112   3.726
   2.660   0.160   0.517   0.354 150.9222966.302   0.127 306.141  10.107   1.402   1.428
   2.756   0.213   0.884   0.234  72.6632789.978   0.217 350.093  13.456   2.158   3.271
   2.819   0.249   0.532   0.474 374.6764626.730   0.108 548.715  14.644   0.214   0.935
   2.864   0.290   1.386   0.086 421.7213000.431   0.230 261.325   8.926   0.695   4.129
   2.874   0.219   1.108   0.208 171.677 640.012   0.131 388.709  12.197   2.516   4.547
   2.877   0.282   0.673   0.487  28.4724271.661   0.226 232.375  11.062   0.370   1.131
   2.926   0.197   0.677   0.748 247.2302977.080   0.132 110.967  18.554   1.744   1.865
   3.047   0.266   0.946   0.189 174.9531718.460   0.193 809.978  13.851   0.217   0.203
   3.274   0.266   1.039   0.873  36.765 251.311   0.048 511.563   6.711   1.106   4.261
   3.287   0.198   0.751   0.308 190.7801799.531   0.063 655.432  10.061   2.788   1.706
   3.307   0.308   0.999   0.087 133.6834082.672   0.181 993.761  15.977   0.307   0.887
   3.344   0.268   0.869   0.175  71.1831586.423   0.041 208.012  15.024   0.672   1.616
   3.444   0.220   1.215   0.511 246.220  62.629   0.205 307.476  17.991   1.388   3.873
   4.309   0.234   0.799   0.661 192.4944614.859   0.114 800.601  16.706   2.265   1.347
   6.441   0.275   1.431   0.700 221.675 146.289   0.074 893.318   7.127   2.726   2.844
   6.445   0.271   1.102   0.486 156.1033644.914   0.008  48.777  14.711   2.999   1.381
   7.026   0.256   1.457   0.695 152.5921422.643   0.167 996.897   4.993   1.898   2.051
   7.220   0.237   1.470   0.877 118.9651326.939   0.104 122.073  14.468   1.583   2.518
   8.940   0.329   1.060   0.752  30.9104151.113   0.219  60.574   2.521   1.921   0.364
    2   687      10   1.564   8.940   0.339   1.062   0.414 467.089 566.122   0.053  12.343  18.787   0.262   4.682

 POPULATION AT LOOP   2
 ----------------------
   1.564   0.339   1.062   0.414 467.089 566.122   0.053  12.343  18.787   0.262   4.682
   1.578   0.244   0.951   0.071 448.3963750.420   0.134 137.557   7.838   1.299   4.616
   1.589   0.279   0.917   0.071 300.4744710.971   0.227  84.535   9.234   1.311   4.904
   1.600   0.190   0.896   0.134 304.6112127.418   0.215 426.285  11.329   1.217   4.778
   1.622   0.189   0.988   0.150 313.9914184.687   0.149 415.987  12.855   0.627   3.804
   1.624   0.207   0.970   0.092 291.3201903.269   0.102 106.193   8.200   0.658   4.037
   1.626   0.194   0.857   0.192 234.2693488.059   0.085 441.214  12.832   0.955   4.914
   1.628   0.233   1.008   0.161 398.6392657.624   0.021 208.680   9.459   0.726   4.366
   1.630   0.296   1.078   0.096 307.5834102.065   0.212   6.431   7.018   0.525   4.359
   1.639   0.196   0.936   0.280 267.5932379.844   0.061 211.568  13.153   0.494   4.458
   1.640   0.243   0.900   0.070 406.6082052.311   0.169 179.331  13.831   0.822   4.043
   1.649   0.167   0.815   0.142 270.9073590.739   0.159 495.102  11.169   1.442   4.981
   1.652   0.180   0.853   0.351 181.6712808.588   0.113 598.572  15.214   0.753   4.665
   1.654   0.266   0.938   0.259 400.9191192.701   0.036  28.036  11.373   0.511   4.000
   1.654   0.228   0.884   0.186 327.7453052.635   0.093 166.615  18.701   1.001   3.913
   1.656   0.225   0.840   0.137 271.2304318.648   0.078 344.240  12.781   0.686   4.223
   1.656   0.237   1.023   0.273 385.5734509.818   0.102 212.459  12.693   0.491   4.332
   1.661   0.249   0.878   0.052 318.7882913.591   0.096 729.308  19.926   0.564   3.825
   1.661   0.224   0.901   0.217 279.6593969.291   0.048 291.000   8.998   0.853   4.815
   1.661   0.193   0.862   0.216 280.9343344.681   0.015 558.377  11.702   0.899   4.081
   1.662   0.270   0.837   0.305 327.6012772.908   0.059 958.613  19.572   0.904   4.821
   1.664   0.284   0.821   0.118 144.952 886.389   0.163  80.610  15.686   0.070   2.793
   1.666   0.256   0.833   0.285 317.2123653.240   0.226  70.648   7.955   1.217   4.949
   1.672   0.238   0.846   0.318 227.9921752.075   0.249 178.009   7.492   0.929   4.463
   1.672   0.240   0.951   0.374 210.2801088.764   0.184  72.409  16.109   0.474   3.878
   1.678   0.153   0.945   0.181 323.2412946.322   0.129 214.979  10.364   0.877   3.692
   1.679   0.182   0.857   0.347 184.8161375.183   0.129 247.875  12.828   0.757   3.956
   1.681   0.147   0.851   0.449 239.4092914.204   0.080 415.884  13.244   0.720   4.105
   1.685   0.262   0.827   0.072 154.8663234.233   0.040 229.810   7.183   1.313   4.946
   1.688   0.237   0.754   0.235 168.3111678.617   0.183 289.157  13.075   0.472   4.004
   1.689   0.216   0.766   0.286 185.8482033.847   0.055 439.171  14.293   0.748   4.560
   1.692   0.141   0.853   0.400 225.6532102.328   0.090 476.655  13.139   0.889   4.181
   1.693   0.195   0.919   0.205 426.9931938.730   0.108 407.033   6.602   1.118   4.401
   1.693   0.184   0.807   0.195 304.3141983.887   0.078 656.679  10.402   1.025   4.585
   1.700   0.205   0.852   0.276 255.1473273.066   0.052 325.524  17.828   1.426   4.506
   1.701   0.200   1.000   0.068 223.7892408.917   0.142 238.930  16.053   0.879   4.452
   1.703   0.205   0.725   0.272 134.3682662.797   0.150 279.416   8.106   0.904   4.369
   1.704   0.156   0.970   0.277 296.5322026.374   0.117 346.852  15.107   0.765   3.898
   1.704   0.174   0.782   0.244 185.4862386.428   0.168 477.514   6.419   1.124   4.205
   1.704   0.189   0.810   0.219 355.4401734.472   0.132 628.669   6.558   1.864   4.297
   1.706   0.222   0.759   0.216 309.4123747.216   0.202 292.308   6.906   1.551   4.362
   1.706   0.178   0.748   0.070 227.2342652.844   0.130 283.230  12.630   1.821   4.072
   1.708   0.242   0.776   0.182 313.7943536.459   0.225 168.981   8.635   1.195   4.298
   1.710   0.175   0.727   0.284 190.3231319.421   0.133 510.952  12.198   0.900   4.205
   1.711   0.264   0.913   0.246 420.8804827.173   0.194 230.068  14.432   1.632   4.570
   1.712   0.135   0.853   0.383 266.1661983.244   0.090 488.679  14.134   1.005   4.042
   1.715   0.137   0.811   0.364 238.5492291.709   0.080 411.752  12.097   1.327   4.390
   1.718   0.256   0.699   0.330 109.3693377.637   0.121 798.004  16.511   0.917   4.977
   1.718   0.257   0.730   0.209 209.0681691.338   0.145  42.215  16.389   2.053   4.518
   1.719   0.236   0.845   0.235 167.8454007.081   0.115 532.621  15.712   0.382   4.745
   1.720   0.191   0.877   0.147 216.4253985.753   0.173 458.342   9.318   1.740   4.706
   1.721   0.216   0.795   0.108 190.9532541.173   0.206 487.158  12.268   0.412   4.309
   1.721   0.106   0.858   0.395 277.3022244.963   0.132 404.630  11.048   0.977   3.931
   1.722   0.211   0.853   0.074 244.2622792.446   0.002 152.079  11.590   1.455   3.856
   1.726   0.169   1.005   0.216 302.2902664.587   0.072 234.426   9.488   0.750   4.035
   1.732   0.212   0.848   0.085 156.7861854.892   0.073 330.498  12.983   0.832   3.523
   1.733   0.159   0.837   0.309 368.0353452.050   0.137 373.209   8.037   1.270   3.824
   1.734   0.140   0.855   0.469 298.7983088.610   0.143 499.922  15.254   1.222   4.866
   1.734   0.188   0.715   0.252 260.2162800.611   0.236 669.286   8.269   1.456   4.135
   1.738   0.151   0.755   0.257 242.1613337.365   0.167 483.077   9.883   1.809   4.086
   1.738   0.188   0.766   0.333 341.1211819.842   0.072 594.317  11.949   1.184   4.871
   1.740   0.157   0.853   0.554 194.6431672.260   0.179 512.569  12.262   0.670   3.975
   1.744   0.168   0.720   0.554 254.1052499.062   0.188 295.038  10.220   0.781   4.697
   1.745   0.211   0.673   0.350 103.3693936.508   0.098 574.881  11.617   0.889   4.195
   1.750   0.198   0.741   0.192 284.5661117.795   0.182 334.525   6.252   1.455   3.589
   1.751   0.167   0.718   0.319 304.3801953.558   0.139 626.383   6.822   1.737   4.325
   1.752   0.200   0.859   0.302 250.5351052.540   0.170 256.300  15.846   0.735   3.301
   1.752   0.202   0.745   0.474 290.682 192.610   0.183 792.734   9.173   1.587   4.431
   1.755   0.296   0.680   0.373 134.913 868.486   0.243 197.561   7.455   0.753   4.566
   1.755   0.202   0.674   0.512 101.0902166.540   0.166 726.779   9.524   0.858   4.563
   1.756   0.158   1.032   0.353 322.6592435.725   0.112 189.809  13.554   0.367   3.381
   1.758   0.208   0.766   0.206 319.6593468.828   0.189 295.704   4.651   1.603   3.489
   1.758   0.273   0.838   0.171 480.2683883.769   0.139 152.099  18.365   1.130   3.766
   1.760   0.125   0.764   0.346 256.5012221.951   0.081 419.406  11.873   1.369   3.859
   1.760   0.161   0.737   0.406 296.7902120.777   0.060 606.585  12.393   1.748   4.377
   1.761   0.202   0.726   0.243 249.6471991.783   0.154 322.496  16.772   1.043   4.260
   1.763   0.167   0.762   0.270 243.1731822.959   0.165 311.577  11.369   1.879   4.028
   1.764   0.127   0.749   0.521 242.0221703.011   0.102 615.204   9.617   1.259   4.085
   1.764   0.187   0.929   0.285 287.6033657.205   0.061 447.439  16.953   1.173   4.136
   1.764   0.137   0.726   0.404 244.0143179.270   0.163 389.608   8.911   1.588   4.054
   1.764   0.172   0.739   0.284 232.3631579.877   0.064 540.506  10.329   0.842   3.896
   1.765   0.173   0.950   0.396 376.8581265.919   0.142 465.926  16.528   0.705   3.545
   1.766   0.151   0.762   0.203 270.1772043.634   0.168 445.473   9.555   1.950   3.787
   1.767   0.197   0.997   0.153 360.0084782.080   0.182 471.841  12.234   1.260   3.961
   1.769   0.185   0.680   0.451 187.9992891.856   0.177 422.165  15.737   0.849   3.913
   1.769   0.189   0.820   0.185 313.0672596.104   0.061 286.044  13.360   0.743   3.363
   1.770   0.155   0.726   0.285 283.6083085.225   0.089 443.461  11.555   1.117   4.204
   1.771   0.163   0.721   0.197 312.1923279.474   0.144 493.110   7.967   1.446   4.295
   1.771   0.163   0.675   0.407 220.7702467.590   0.178 260.969  11.461   1.643   4.463
   1.772   0.213   0.692   0.426 263.8163610.959   0.170  41.953   9.522   2.005   4.716
   1.775   0.105   0.725   0.361 233.8482709.252   0.105 508.954  10.058   1.571   3.915
   1.776   0.186   0.719   0.358 277.481 992.546   0.155 430.146   7.190   0.988   4.322
   1.777   0.110   0.728   0.415 289.4772000.923   0.129 558.742  10.659   1.114   3.746
   1.778   0.222   0.782   0.234 381.2053668.342   0.073 292.480  13.073   1.028   3.948
   1.779   0.207   0.751   0.220 334.7082229.242   0.077 278.566  14.547   1.142   4.201
   1.780   0.130   0.800   0.363 222.6153268.141   0.136 475.456  13.584   1.558   4.164
   1.784   0.176   0.909   0.482 214.722 915.540   0.210 432.584  10.247   0.651   4.207
   1.785   0.197   0.667   0.361 233.2981713.872   0.192 787.576  11.934   1.581   4.507
   1.787   0.158   0.917   0.382 321.4112838.655   0.089 236.182   7.777   0.899   3.809
   1.788   0.250   0.769   0.632 104.217 320.246   0.102 285.614  12.825   0.905   4.797
   1.789   0.176   0.649   0.591 228.5892241.878   0.205 459.940   6.323   1.062   3.902
   1.789   0.332   0.661   0.148 101.9944161.973   0.201 636.262  17.176   2.786   4.367
   1.790   0.219   0.888   0.380 466.8013670.538   0.126  10.156  13.360   0.911   3.640
   1.791   0.123   0.698   0.440 272.7762343.726   0.149 392.632   7.538   1.197   3.636
   1.791   0.157   0.756   0.211 326.5392974.760   0.162 477.760   8.541   1.888   3.616
   1.791   0.217   0.623   0.475 124.1363033.927   0.196 799.061  12.296   1.523   4.833
   1.795   0.216   0.840   0.251 198.3472007.540   0.144 857.598   6.334   0.996   4.740
   1.796   0.196   0.840   0.058 360.7073664.908   0.144 652.945   4.227   1.455   3.007
   1.796   0.208   0.928   0.374 262.738 114.694   0.230 386.690   8.897   1.040   4.484
   1.796   0.176   0.739   0.609 415.9652997.314   0.070 413.052   9.274   1.343   4.262
   1.797   0.125   0.776   0.322 261.5332069.796   0.138 341.332  10.584   1.825   3.946
   1.798   0.155   0.993   0.299 287.5764177.389   0.133 338.116  10.864   0.994   4.494
   1.799   0.123   0.791   0.498 132.7182460.146   0.097 499.638  10.554   1.038   4.185
   1.799   0.166   0.741   0.172 276.8892971.179   0.179 249.128  11.546   1.572   3.531
   1.799   0.125   0.810   0.515 238.3462093.492   0.136 265.463   8.640   0.908   3.537
   1.800   0.240   0.687   0.146 290.5562585.798   0.201 815.679  12.080   2.058   4.966
   1.802   0.123   0.711   0.337 208.1592657.524   0.111 435.094  12.026   1.616   3.761
   1.802   0.218   0.677   0.372 195.8963832.349   0.074 793.980  10.178   0.995   4.515
   1.804   0.160   0.811   0.538 226.1312498.197   0.071 170.032  13.351   0.864   3.600
   1.804   0.150   0.697   0.577 238.1742256.695   0.143 283.715   7.845   1.747   4.232
   1.805   0.120   0.736   0.335 274.8942234.438   0.155 442.567  11.680   1.672   3.751
   1.806   0.245   0.732   0.878 143.6821704.818   0.122 233.510  11.189   0.436   4.663
   1.807   0.099   0.799   0.398 267.4772502.921   0.123 540.141  13.626   1.603   4.051
   1.809   0.192   0.917   0.355 338.2101886.323   0.047  84.856   9.349   1.450   4.464
   1.813   0.165   0.919   0.376 382.2932712.624   0.131  58.669  11.554   1.542   4.722
   1.813   0.153   0.665   0.419 258.8311427.203   0.128 392.060  13.525   1.267   4.318
   1.814   0.122   0.823   0.362 215.1512413.378   0.091 373.828  11.524   1.284   3.772
   1.815   0.176   0.849   0.564 211.8261769.031   0.179 705.400  13.620   1.057   4.360
   1.815   0.226   0.744   0.662  95.7723796.937   0.082 676.799  10.818   0.829   4.499
   1.817   0.144   0.695   0.562 340.4452835.073   0.132 414.427  10.853   0.839   4.252
   1.821   0.184   0.639   0.324 171.0443429.507   0.140 420.990   8.673   1.104   4.287
   1.826   0.154   0.731   0.356 247.1603142.648   0.133 705.482  15.952   1.641   3.682
   1.827   0.163   0.748   0.351 239.3822422.825   0.100 301.371  15.679   1.884   3.863
   1.828   0.259   0.660   0.654 469.8841465.428   0.233 727.935   7.519   1.479   4.236
   1.830   0.283   0.791   0.148  72.3263095.940   0.055 238.501   4.612   1.046   4.613
   1.832   0.160   0.851   0.335 342.5101242.439   0.089 606.020   7.424   1.323   3.527
   1.834   0.133   0.768   0.380 318.2193377.065   0.069 543.448   9.544   1.512   3.586
   1.835   0.200   0.758   0.478 396.179 747.950   0.137 407.755  15.605   1.961   4.172
   1.836   0.112   0.952   0.445 310.2622522.380   0.110 299.611  11.761   0.654   3.424
   1.837   0.145   0.730   0.671 370.3032255.733   0.096 511.004  12.184   1.540   4.170
   1.839   0.234   0.730   0.194 411.2113587.971   0.057 311.518  11.584   1.407   4.584
   1.839   0.241   0.935   0.110 331.4593764.261   0.156  33.997   7.099   2.133   3.990
   1.840   0.157   0.903   0.190 341.161 779.142   0.133 467.776  13.282   1.293   3.390
   1.841   0.236   0.595   0.431 150.683 824.146   0.181 428.359   7.365   2.372   4.054
   1.842   0.167   0.640   0.329 222.6751737.423   0.094 547.237  12.402   1.420   4.539
   1.842   0.225   0.918   0.168 392.519 852.562   0.199 426.968  14.879   0.444   2.556
   1.845   0.174   0.803   0.380 117.2051777.478   0.117 327.165  13.786   1.131   3.907
   1.848   0.185   0.673   0.245 345.8161810.109   0.178 501.181   7.910   1.608   4.264
   1.852   0.211   0.689   0.529  39.9002172.127   0.171 435.384  16.272   0.330   2.870
   1.853   0.156   0.884   0.653 281.0551482.185   0.145 383.851   9.136   0.561   3.963
   1.854   0.291   0.797   0.714 417.188 136.333   0.005 557.628  17.770   1.336   4.449
   1.854   0.155   0.820   0.630 238.7572160.203   0.056 383.499  12.086   1.267   4.443
   1.861   0.345   0.675   0.803 341.775  96.483   0.209 182.108  17.191   0.570   4.846
   1.865   0.249   0.670   0.516  39.4193624.521   0.062 758.353   8.621   0.910   4.449
   1.865   0.269   0.663   0.324 392.5622950.725   0.224 183.938  16.538   1.705   4.672
   1.867   0.289   0.807   0.291 361.1001762.088   0.226 900.535  19.682   2.291   3.838
   1.868   0.161   0.662   0.570 311.6831754.649   0.139 616.378  13.707   0.928   3.718
   1.868   0.203   1.038   0.497 416.3691744.765   0.044 663.925  11.937   0.663   4.804
   1.872   0.248   0.760   0.399 447.7204363.679   0.071 306.941   7.764   0.766   4.086
   1.872   0.217   0.941   0.354 373.605 999.115   0.187 587.367   6.447   0.971   4.823
   1.873   0.303   0.657   0.155 334.7654579.615   0.213 155.607  14.336   2.399   3.672
   1.880   0.253   0.527   0.351  36.4022328.961   0.165 286.957   5.542   1.889   4.289
   1.881   0.192   0.914   0.394 183.6021184.732   0.099 322.023   7.298   0.391   3.836
   1.883   0.255   1.073   0.067 338.7552104.431   0.192 838.411  16.564   1.702   4.994
   1.884   0.179   0.793   0.382 162.7433378.452   0.150 576.787  16.627   1.738   4.082
   1.891   0.144   0.997   0.382 212.7302458.339   0.070 381.934  12.388   0.744   4.246
   1.894   0.281   0.728   0.805 415.544 136.383   0.178 508.490  15.196   1.983   4.938
   1.895   0.284   0.750   0.120 318.3084251.493   0.187 247.345   3.844   1.055   4.608
   1.897   0.164   0.629   0.264 312.2722709.544   0.162 482.616  12.573   1.933   3.907
   1.897   0.159   0.820   0.407 171.9701465.161   0.142 312.400  13.561   1.141   3.533
   1.912   0.244   0.721   0.276 359.1984874.611   0.028 360.369   6.108   1.248   3.200
   1.913   0.168   1.032   0.063 262.0912154.677   0.123 195.760  12.874   1.648   4.646
   1.924   0.311   0.580   0.668  73.219 195.474   0.040 866.717  14.773   1.904   3.798
   1.928   0.167   0.751   0.625 279.2123016.762   0.014 312.799  11.370   1.606   3.804
   1.929   0.143   1.029   0.328 275.3562404.357   0.111 268.955  15.142   0.668   3.541
   1.940   0.245   0.657   0.392 146.0704774.181   0.168  73.834  13.076   1.897   3.377
   1.947   0.167   0.870   0.632 160.9411645.812   0.141 473.432  13.148   1.086   4.827
   1.961   0.269   0.887   0.845 369.640 110.800   0.059 589.643  14.930   1.028   4.837
   2.004   0.242   0.741   0.111  62.2672685.741   0.049 541.861   3.171   1.893   3.343
   2.012   0.253   0.698   0.232 342.9713296.017   0.109  65.535   7.402   0.770   4.712
   2.028   0.235   1.029   0.077 295.8823922.014   0.081 188.652  10.070   0.167   4.028
   2.114   0.288   0.875   0.180 106.2633784.760   0.019 201.231  10.000   2.549   4.657
   2.120   0.221   0.649   0.114 365.5554584.007   0.060 677.193  11.046   1.696   2.702
   2.131   0.289   1.132   0.257 207.4271420.235   0.031  53.391  18.811   0.446   3.726
   2.150   0.180   1.041   0.512 353.3442802.849   0.070 358.229   7.111   0.536   4.742
   2.194   0.273   0.549   0.335 363.8561159.836   0.178 205.067   5.364   1.079   4.604
   2.610   0.242   1.276   0.137 456.1392205.519   0.179 913.405  10.967   1.112   3.726
   2.756   0.213   0.884   0.234  72.6632789.978   0.217 350.093  13.456   2.158   3.271
   3.307   0.308   0.999   0.087 133.6834082.672   0.181 993.761  15.977   0.307   0.887
   8.940   0.329   1.060   0.752  30.9104151.113   0.219  60.574   2.521   1.921   0.364
    3   977      10   1.564   3.307   0.339   1.062   0.414 467.089 566.122   0.053  12.343  18.787   0.262   4.682

 POPULATION AT LOOP   3
 ----------------------
   1.564   0.339   1.062   0.414 467.089 566.122   0.053  12.343  18.787   0.262   4.682
   1.571   0.247   1.002   0.051 429.8611804.588   0.085  90.879   9.609   1.170   4.967
   1.578   0.244   0.951   0.071 448.3963750.420   0.134 137.557   7.838   1.299   4.616
   1.580   0.244   0.975   0.272 343.7863310.625   0.103 176.687  18.439   0.532   4.683
   1.587   0.223   0.984   0.181 258.2362053.889   0.095 317.931  19.198   0.558   4.765
   1.588   0.222   0.904   0.114 262.7031704.173   0.088 671.403  16.721   0.551   4.223
   1.589   0.279   0.917   0.071 300.4744710.971   0.227  84.535   9.234   1.311   4.904
   1.596   0.218   0.871   0.169 254.6484529.629   0.124  88.712  10.963   0.728   4.220
   1.598   0.203   1.003   0.092 371.5531857.457   0.205 488.260  11.719   1.047   4.806
   1.600   0.233   0.919   0.166 189.2313701.885   0.141 223.004  15.785   0.493   4.021
   1.600   0.190   0.896   0.134 304.6112127.418   0.215 426.285  11.329   1.217   4.778
   1.605   0.211   0.966   0.202 365.4022376.468   0.151 142.013  15.575   0.711   3.976
   1.608   0.183   0.952   0.129 244.0972803.363   0.132 253.445  14.752   0.808   4.317
   1.613   0.194   0.923   0.098 346.1753213.445   0.109 393.578  15.287   0.851   3.828
   1.613   0.285   0.815   0.128 183.4853898.843   0.153 155.536  17.194   0.711   4.745
   1.616   0.214   0.929   0.249 342.2761881.464   0.179 134.885   9.514   0.767   4.522
   1.616   0.182   0.850   0.145 259.3712586.066   0.179 387.672  12.533   0.653   4.290
   1.619   0.209   0.926   0.174 409.3962905.899   0.141  89.981  12.612   1.331   4.613
   1.620   0.186   0.852   0.292 249.0212803.826   0.105 625.255  17.451   0.634   4.262
   1.620   0.243   0.909   0.132 323.2833742.003   0.182 183.582   9.158   0.750   4.762
   1.621   0.197   0.851   0.201 277.7693272.951   0.145 109.122  10.143   0.892   4.562
   1.622   0.189   0.988   0.150 313.9914184.687   0.149 415.987  12.855   0.627   3.804
   1.624   0.180   0.858   0.218 215.8013112.111   0.094 495.037  13.314   0.746   4.562
   1.624   0.197   0.881   0.126 233.4892374.747   0.031 313.813  10.112   0.989   4.457
   1.624   0.207   0.970   0.092 291.3201903.269   0.102 106.193   8.200   0.658   4.037
   1.625   0.232   0.928   0.152 283.9934261.766   0.209 179.662  11.304   1.193   4.693
   1.626   0.194   0.857   0.192 234.2693488.059   0.085 441.214  12.832   0.955   4.914
   1.628   0.233   1.008   0.161 398.6392657.624   0.021 208.680   9.459   0.726   4.366
   1.629   0.225   0.943   0.357 205.0333016.988   0.057  42.368  14.453   0.092   3.373
   1.630   0.296   1.078   0.096 307.5834102.065   0.212   6.431   7.018   0.525   4.359
   1.631   0.282   1.007   0.329 435.825 800.911   0.122  51.372  19.889   0.237   3.745
   1.631   0.157   0.901   0.196 290.3582404.984   0.144 324.673  13.231   0.753   3.739
   1.632   0.178   0.843   0.193 245.5502850.683   0.158 452.951  16.056   0.611   3.672
   1.633   0.226   1.019   0.230 337.9013663.478   0.188 157.039  11.771   0.579   4.277
   1.633   0.244   1.024   0.310 323.4014063.340   0.134 229.623  19.213   0.348   4.382
   1.634   0.292   0.836   0.051 171.8511836.296   0.026 736.473  18.761   0.748   4.044
   1.634   0.258   0.957   0.123 421.0013663.021   0.174  64.712   8.175   0.643   3.802
   1.635   0.158   0.938   0.278 301.8141919.656   0.127 341.585  11.786   0.635   4.434
   1.638   0.204   1.023   0.147 329.0922386.897   0.154 228.992  14.489   0.927   4.842
   1.639   0.196   0.936   0.280 267.5932379.844   0.061 211.568  13.153   0.494   4.458
   1.640   0.243   0.900   0.070 406.6082052.311   0.169 179.331  13.831   0.822   4.043
   1.641   0.224   0.827   0.115 319.4614624.601   0.199 428.631  11.289   1.506   4.834
   1.641   0.148   0.885   0.291 259.9832608.373   0.105 343.799  13.679   0.800   4.085
   1.642   0.164   0.910   0.224 230.5732860.183   0.144 317.255  12.303   0.917   4.477
   1.643   0.177   0.879   0.276 349.9822387.864   0.103 323.578  14.176   0.839   4.160
   1.643   0.270   0.831   0.119 321.5054552.892   0.212 161.183  11.207   1.186   4.875
   1.644   0.234   0.855   0.146 150.0442310.172   0.062 448.927  15.266   0.774   4.959
   1.645   0.197   0.817   0.150 249.6203188.492   0.060 390.219  12.569   0.975   4.422
   1.645   0.184   0.862   0.155 256.0521952.496   0.077 694.815  11.558   0.744   4.025
   1.646   0.154   0.865   0.215 304.4292881.131   0.142 421.056  13.700   1.163   4.227
   1.646   0.235   1.052   0.208 427.8792165.663   0.114 247.911  17.929   0.834   4.521
   1.647   0.208   0.795   0.283 191.7962889.598   0.095 704.556  15.128   0.822   4.549
   1.649   0.138   0.885   0.267 285.1302527.340   0.111 366.122  12.397   1.054   4.388
   1.649   0.157   0.924   0.292 338.4382275.743   0.144 321.592  11.682   0.975   4.521
   1.649   0.167   0.815   0.142 270.9073590.739   0.159 495.102  11.169   1.442   4.981
   1.651   0.148   0.860   0.325 294.6632854.880   0.110 532.062  14.330   1.017   4.522
   1.651   0.194   0.985   0.145 350.7002093.250   0.179 186.550  11.382   1.165   4.393
   1.651   0.219   0.897   0.246 322.9983582.590   0.193 273.858   9.121   0.735   4.632
   1.652   0.175   0.951   0.319 284.2952909.213   0.164 262.782  14.437   0.720   4.212
   1.652   0.218   0.957   0.300 315.6914092.978   0.176 185.349  12.086   0.858   4.777
   1.652   0.180   0.853   0.351 181.6712808.588   0.113 598.572  15.214   0.753   4.665
   1.652   0.148   0.843   0.284 272.1642473.484   0.085 581.392  12.902   0.913   4.194
   1.653   0.172   0.982   0.300 344.3502285.687   0.119 203.211  14.216   0.583   3.807
   1.653   0.241   0.888   0.109 436.9592986.955   0.219 320.516  10.033   0.892   4.412
   1.654   0.266   0.938   0.259 400.9191192.701   0.036  28.036  11.373   0.511   4.000
   1.654   0.157   0.831   0.294 290.7593047.619   0.161 338.463  10.795   1.044   4.372
   1.654   0.228   0.884   0.186 327.7453052.635   0.093 166.615  18.701   1.001   3.913
   1.654   0.155   0.818   0.125 285.3732819.454   0.143 292.437  11.655   1.494   4.258
   1.655   0.171   0.844   0.243 339.7012860.415   0.154 303.208  11.786   1.143   4.352
   1.655   0.258   1.060   0.230 439.4282667.228   0.165 185.899  18.976   0.794   4.522
   1.655   0.255   0.903   0.204 460.7914056.745   0.202 404.300  14.102   0.853   4.157
   1.656   0.225   0.840   0.137 271.2304318.648   0.078 344.240  12.781   0.686   4.223
   1.656   0.237   1.023   0.273 385.5734509.818   0.102 212.459  12.693   0.491   4.332
   1.656   0.194   0.844   0.233 350.5062972.956   0.155 252.917  12.419   0.944   4.332
   1.656   0.147   0.873   0.198 302.8922793.042   0.093 572.976  11.524   0.952   3.883
   1.657   0.214   0.812   0.200 302.2843548.519   0.202 228.685   9.813   1.271   4.610
   1.657   0.186   0.881   0.261 288.0543175.086   0.101 301.281  16.508   1.082   4.271
   1.661   0.212   0.987   0.117 305.6683126.069   0.124  73.621  12.461   0.279   4.069
   1.661   0.249   0.878   0.052 318.7882913.591   0.096 729.308  19.926   0.564   3.825
   1.661   0.224   0.901   0.217 279.6593969.291   0.048 291.000   8.998   0.853   4.815
   1.661   0.193   0.862   0.216 280.9343344.681   0.015 558.377  11.702   0.899   4.081
   1.661   0.284   1.037   0.217 423.6861875.310   0.102  50.590  17.994   0.256   4.413
   1.662   0.270   0.837   0.305 327.6012772.908   0.059 958.613  19.572   0.904   4.821
   1.664   0.284   0.821   0.118 144.952 886.389   0.163  80.610  15.686   0.070   2.793
   1.664   0.155   0.801   0.253 260.6662948.580   0.182 436.200   8.941   1.139   4.181
   1.664   0.172   0.935   0.212 347.6162305.649   0.099 224.322   9.047   0.861   3.857
   1.665   0.195   1.004   0.248 379.1353143.202   0.161 194.131  12.684   0.684   3.830
   1.666   0.137   0.831   0.226 294.1631928.640   0.112 530.657   9.113   1.348   4.336
   1.666   0.256   0.833   0.285 317.2123653.240   0.226  70.648   7.955   1.217   4.949
   1.668   0.172   0.970   0.305 317.2073032.543   0.106 163.130  11.728   0.766   4.291
   1.669   0.238   0.943   0.088 243.6661511.880   0.023 727.870  12.169   0.514   4.131
   1.669   0.165   0.938   0.280 264.9223448.741   0.139 342.339  11.842   0.845   4.934
   1.670   0.138   0.845   0.325 244.7362293.160   0.098 407.502  12.157   1.043   4.313
   1.671   0.112   0.812   0.260 267.7272578.345   0.130 433.597  10.291   1.242   4.241
   1.671   0.137   0.879   0.313 249.8112339.963   0.136 267.423   9.758   0.845   4.056
   1.672   0.149   0.919   0.265 282.2813322.725   0.149 339.428  10.950   0.987   4.243
   1.672   0.182   0.836   0.148 356.8992964.731   0.100 399.881   9.327   1.041   4.368
   1.672   0.267   0.853   0.059 321.9763840.085   0.015 360.879  14.024   0.738   4.262
   1.672   0.238   0.846   0.318 227.9921752.075   0.249 178.009   7.492   0.929   4.463
   1.672   0.240   0.951   0.374 210.2801088.764   0.184  72.409  16.109   0.474   3.878
   1.673   0.142   0.819   0.322 303.4062304.843   0.144 407.374  12.277   0.991   4.178
   1.674   0.136   0.864   0.365 252.1402244.487   0.162 404.992  12.332   0.883   4.068
   1.674   0.204   0.767   0.323 199.6021976.571   0.176 211.590   9.087   0.890   4.451
   1.674   0.150   0.901   0.225 318.3323450.128   0.147 435.810  11.696   1.184   4.106
   1.674   0.149   0.847   0.353 227.4763325.845   0.115 336.269  10.195   0.917   4.367
   1.676   0.201   0.889   0.096 442.2821400.121   0.155 542.549  12.430   1.094   3.708
   1.677   0.156   0.850   0.287 215.5342096.846   0.137 621.550   9.498   0.882   4.523
   1.677   0.219   0.851   0.220 386.9673566.421   0.151 218.085  14.642   1.150   4.105
   1.678   0.261   0.836   0.084 347.3234194.462   0.143 187.580  15.208   0.875   4.350
   1.678   0.153   0.945   0.181 323.2412946.322   0.129 214.979  10.364   0.877   3.692
   1.678   0.189   0.901   0.086 173.0081863.955   0.079 505.697  11.879   0.987   4.420
   1.679   0.163   0.880   0.278 259.4893336.405   0.094 342.675  13.531   1.110   4.267
   1.679   0.133   0.801   0.221 299.6752633.258   0.112 548.201  10.541   1.135   4.280
   1.679   0.182   0.857   0.347 184.8161375.183   0.129 247.875  12.828   0.757   3.956
   1.679   0.207   0.935   0.070 204.3932192.831   0.073 510.792  12.896   0.491   4.721
   1.679   0.238   0.911   0.181 414.753 707.002   0.044 693.464   9.276   1.046   3.868
   1.679   0.148   0.834   0.186 298.5492350.691   0.132 327.936  11.327   0.825   3.713
   1.680   0.108   0.810   0.219 253.0222784.829   0.125 467.799  10.445   1.438   4.198
   1.680   0.250   0.999   0.058 457.6483737.395   0.103 149.309   9.332   2.035   4.613
   1.681   0.147   0.851   0.449 239.4092914.204   0.080 415.884  13.244   0.720   4.105
   1.682   0.205   0.829   0.218 383.0922862.283   0.089 275.607  13.324   1.111   4.445
   1.682   0.164   0.796   0.355 256.8723033.654   0.150 357.338  15.332   0.927   4.063
   1.682   0.168   0.797   0.238 237.5312402.966   0.142 145.385  12.958   1.452   4.350
   1.683   0.159   0.835   0.195 227.6022952.142   0.096 563.140  12.766   1.645   4.622
   1.683   0.150   1.015   0.213 306.8702499.953   0.132 291.595  11.895   0.708   4.229
   1.684   0.169   0.828   0.174 298.0403257.216   0.133 458.148   9.831   0.895   4.766
   1.684   0.144   0.767   0.348 171.4332333.033   0.127 578.626  10.490   0.946   4.476
   1.684   0.171   0.768   0.396 140.0382388.602   0.169 366.649  12.273   0.647   3.593
   1.684   0.187   0.811   0.418 167.1881542.255   0.099 333.550  12.256   0.861   4.621
   1.685   0.262   0.827   0.072 154.8663234.233   0.040 229.810   7.183   1.313   4.946
   1.685   0.170   0.821   0.254 338.9092779.277   0.103 304.543  12.218   1.034   4.168
   1.686   0.158   0.786   0.300 274.5181749.883   0.156 390.244   9.325   0.979   4.159
   1.688   0.237   0.754   0.235 168.3111678.617   0.183 289.157  13.075   0.472   4.004
   1.689   0.216   0.766   0.286 185.8482033.847   0.055 439.171  14.293   0.748   4.560
   1.691   0.133   0.780   0.287 244.2392043.795   0.149 402.471  10.136   1.356   4.253
   1.691   0.153   0.922   0.296 232.1742637.850   0.092 335.281  12.817   0.823   4.175
   1.693   0.195   0.919   0.205 426.9931938.730   0.108 407.033   6.602   1.118   4.401
   1.693   0.236   0.931   0.349 186.3623280.499   0.051 691.292  17.312   0.459   4.384
   1.693   0.184   0.807   0.195 304.3141983.887   0.078 656.679  10.402   1.025   4.585
   1.694   0.147   0.821   0.354 350.2752193.784   0.158 384.544  10.186   1.151   4.243
   1.698   0.143   0.832   0.384 244.7502707.697   0.103 186.955  11.043   0.938   3.977
   1.698   0.162   0.825   0.263 227.4173205.543   0.124 241.881  12.958   1.073   3.857
   1.698   0.162   0.864   0.098 222.4252726.297   0.106 303.704   9.530   1.699   4.290
   1.699   0.149   0.765   0.330 245.1852708.617   0.159 241.779  10.822   1.321   4.373
   1.700   0.191   0.884   0.306 378.3933421.389   0.151 152.772  11.826   1.097   4.027
   1.702   0.182   0.803   0.215 277.1733114.046   0.010 577.083  12.345   1.436   4.053
   1.703   0.205   0.725   0.272 134.3682662.797   0.150 279.416   8.106   0.904   4.369
   1.704   0.156   0.970   0.277 296.5322026.374   0.117 346.852  15.107   0.765   3.898
   1.704   0.129   0.809   0.318 289.6562315.675   0.108 428.743  12.545   1.171   4.029
   1.704   0.174   0.782   0.244 185.4862386.428   0.168 477.514   6.419   1.124   4.205
   1.704   0.136   0.828   0.341 318.5242626.801   0.108 431.749  13.785   1.305   4.310
   1.706   0.181   0.819   0.347 356.3373501.264   0.104 289.473   9.197   0.936   4.166
   1.710   0.175   0.727   0.284 190.3231319.421   0.133 510.952  12.198   0.900   4.205
   1.710   0.158   0.862   0.313 319.1842193.391   0.084 213.486   9.990   1.300   4.232
   1.711   0.264   0.913   0.246 420.8804827.173   0.194 230.068  14.432   1.632   4.570
   1.711   0.123   0.801   0.257 277.0362402.663   0.160 397.085   9.954   1.513   4.057
   1.712   0.247   0.748   0.622 137.933 475.121   0.207 560.259  12.315   0.328   3.928
   1.713   0.245   1.114   0.185 454.6013509.962   0.138 356.737  16.989   0.591   4.023
   1.713   0.209   1.049   0.177 296.854 307.344   0.119 502.991  16.366   0.681   4.197
   1.714   0.136   0.833   0.308 302.5442172.657   0.129 326.302  12.734   1.320   4.111
   1.715   0.255   1.004   0.421 399.1741797.116   0.160  31.836  19.726   0.790   4.668
   1.716   0.257   0.690   0.137 100.7861496.116   0.235 417.785   9.311   1.541   4.783
   1.720   0.191   0.877   0.147 216.4253985.753   0.173 458.342   9.318   1.740   4.706
   1.722   0.211   0.853   0.074 244.2622792.446   0.002 152.079  11.590   1.455   3.856
   1.725   0.243   0.744   0.150 158.4012638.492   0.061 741.948  15.113   2.085   4.328
   1.732   0.215   0.767   0.298 354.2642986.770   0.188 226.983  15.356   1.400   4.394
   1.740   0.207   0.974   0.243 249.060 262.685   0.117 735.134  11.526   0.709   4.902
   1.743   0.223   0.823   0.335 483.6761772.213   0.199 531.063   7.050   1.031   4.340
   1.745   0.211   0.673   0.350 103.3693936.508   0.098 574.881  11.617   0.889   4.195
   1.749   0.182   0.977   0.086 212.0312799.561   0.119 317.848   8.997   0.880   4.966
   1.751   0.184   0.888   0.554 322.9011289.613   0.067 585.477  14.009   0.917   4.541
   1.752   0.200   0.859   0.302 250.5351052.540   0.170 256.300  15.846   0.735   3.301
   1.757   0.212   0.699   0.061 200.0833383.166   0.088 435.533  13.443   1.531   4.693
   1.761   0.202   0.726   0.243 249.6471991.783   0.154 322.496  16.772   1.043   4.260
   1.774   0.175   0.738   0.321 294.6832763.645   0.105 216.124   9.649   0.945   4.480
   1.779   0.207   0.751   0.220 334.7082229.242   0.077 278.566  14.547   1.142   4.201
   1.788   0.236   0.915   0.175 311.8234083.341   0.239 296.612  11.301   2.029   4.408
   1.791   0.217   0.623   0.475 124.1363033.927   0.196 799.061  12.296   1.523   4.833
   1.805   0.256   1.039   0.129 491.9061519.521   0.061 327.583  11.434   0.370   4.061
   1.813   0.153   0.665   0.419 258.8311427.203   0.128 392.060  13.525   1.267   4.318
   1.826   0.235   0.953   0.143 439.1402086.594   0.105  71.593  10.720   0.320   3.990
   1.835   0.200   0.758   0.478 396.179 747.950   0.137 407.755  15.605   1.961   4.172
   1.839   0.238   0.590   0.511 105.9854034.756   0.062 193.428  14.292   1.515   4.094
   1.840   0.157   0.903   0.190 341.161 779.142   0.133 467.776  13.282   1.293   3.390
   1.845   0.165   0.698   0.350 333.0112397.840   0.094 282.844  10.712   1.068   4.220
   1.854   0.155   0.820   0.630 238.7572160.203   0.056 383.499  12.086   1.267   4.443
   1.913   0.168   1.032   0.063 262.0912154.677   0.123 195.760  12.874   1.648   4.646
   1.924   0.311   0.580   0.668  73.219 195.474   0.040 866.717  14.773   1.904   3.798
   2.028   0.235   1.029   0.077 295.8823922.014   0.081 188.652  10.070   0.167   4.028
   3.307   0.308   0.999   0.087 133.6834082.672   0.181 993.761  15.977   0.307   0.887
    4  1000      10   1.564   3.307   0.339   1.062   0.414 467.089 566.122   0.053  12.343  18.787   0.262   4.682

 POPULATION AT LOOP   4
 ----------------------
   1.564   0.339   1.062   0.414 467.089 566.122   0.053  12.343  18.787   0.262   4.682
   1.571   0.247   1.002   0.051 429.8611804.588   0.085  90.879   9.609   1.170   4.967
   1.578   0.244   0.951   0.071 448.3963750.420   0.134 137.557   7.838   1.299   4.616
   1.580   0.244   0.975   0.272 343.7863310.625   0.103 176.687  18.439   0.532   4.683
   1.587   0.223   0.984   0.181 258.2362053.889   0.095 317.931  19.198   0.558   4.765
   1.588   0.222   0.904   0.114 262.7031704.173   0.088 671.403  16.721   0.551   4.223
   1.589   0.279   0.917   0.071 300.4744710.971   0.227  84.535   9.234   1.311   4.904
   1.596   0.218   0.871   0.169 254.6484529.629   0.124  88.712  10.963   0.728   4.220
   1.598   0.203   1.003   0.092 371.5531857.457   0.205 488.260  11.719   1.047   4.806
   1.600   0.233   0.919   0.166 189.2313701.885   0.141 223.004  15.785   0.493   4.021
   1.600   0.190   0.896   0.134 304.6112127.418   0.215 426.285  11.329   1.217   4.778
   1.600   0.221   1.010   0.225 386.4301916.316   0.112 247.918  16.681   0.748   4.553
   1.602   0.202   0.947   0.214 371.0342426.518   0.128 212.108  14.591   0.555   4.353
   1.604   0.185   0.943   0.176 295.8371848.222   0.070 496.748  13.667   0.617   4.279
   1.605   0.211   0.966   0.202 365.4022376.468   0.151 142.013  15.575   0.711   3.976
   1.608   0.183   0.952   0.129 244.0972803.363   0.132 253.445  14.752   0.808   4.317
   1.609   0.214   0.993   0.250 304.9801450.409   0.139 272.898  16.100   0.523   4.682
   1.613   0.194   0.923   0.098 346.1753213.445   0.109 393.578  15.287   0.851   3.828
   1.613   0.268   1.065   0.140 379.6191770.356   0.093 242.950  17.565   0.512   4.798
   1.613   0.285   0.815   0.128 183.4853898.843   0.153 155.536  17.194   0.711   4.745
   1.615   0.176   0.904   0.235 317.1932840.265   0.077 415.748  13.356   0.823   4.310
   1.616   0.214   0.929   0.249 342.2761881.464   0.179 134.885   9.514   0.767   4.522
   1.616   0.164   0.913   0.295 259.0922308.583   0.104 417.435  15.206   0.679   4.612
   1.616   0.182   0.850   0.145 259.3712586.066   0.179 387.672  12.533   0.653   4.290
   1.619   0.209   0.926   0.174 409.3962905.899   0.141  89.981  12.612   1.331   4.613
   1.620   0.186   0.852   0.292 249.0212803.826   0.105 625.255  17.451   0.634   4.262
   1.620   0.243   0.909   0.132 323.2833742.003   0.182 183.582   9.158   0.750   4.762
   1.621   0.197   0.851   0.201 277.7693272.951   0.145 109.122  10.143   0.892   4.562
   1.622   0.189   0.988   0.150 313.9914184.687   0.149 415.987  12.855   0.627   3.804
   1.623   0.187   0.934   0.145 302.0072057.905   0.089 374.308  11.710   0.616   4.578
   1.624   0.180   0.858   0.218 215.8013112.111   0.094 495.037  13.314   0.746   4.562
   1.624   0.197   0.881   0.126 233.4892374.747   0.031 313.813  10.112   0.989   4.457
   1.624   0.207   0.970   0.092 291.3201903.269   0.102 106.193   8.200   0.658   4.037
   1.625   0.232   0.928   0.152 283.9934261.766   0.209 179.662  11.304   1.193   4.693
   1.626   0.194   0.857   0.192 234.2693488.059   0.085 441.214  12.832   0.955   4.914
   1.628   0.233   1.008   0.161 398.6392657.624   0.021 208.680   9.459   0.726   4.366
   1.629   0.187   0.880   0.239 367.7432479.399   0.114 276.624  14.077   0.914   4.433
   1.629   0.225   0.943   0.357 205.0333016.988   0.057  42.368  14.453   0.092   3.373
   1.630   0.296   1.078   0.096 307.5834102.065   0.212   6.431   7.018   0.525   4.359
   1.631   0.282   1.007   0.329 435.825 800.911   0.122  51.372  19.889   0.237   3.745
   1.631   0.157   0.901   0.196 290.3582404.984   0.144 324.673  13.231   0.753   3.739
   1.631   0.291   0.978   0.297 228.665 186.039   0.034 116.839  15.887   0.516   4.804
   1.632   0.178   0.843   0.193 245.5502850.683   0.158 452.951  16.056   0.611   3.672
   1.633   0.226   1.019   0.230 337.9013663.478   0.188 157.039  11.771   0.579   4.277
   1.633   0.244   1.024   0.310 323.4014063.340   0.134 229.623  19.213   0.348   4.382
   1.634   0.292   0.836   0.051 171.8511836.296   0.026 736.473  18.761   0.748   4.044
   1.634   0.258   0.957   0.123 421.0013663.021   0.174  64.712   8.175   0.643   3.802
   1.635   0.158   0.938   0.278 301.8141919.656   0.127 341.585  11.786   0.635   4.434
   1.638   0.204   1.023   0.147 329.0922386.897   0.154 228.992  14.489   0.927   4.842
   1.639   0.196   0.936   0.280 267.5932379.844   0.061 211.568  13.153   0.494   4.458
   1.640   0.243   0.900   0.070 406.6082052.311   0.169 179.331  13.831   0.822   4.043
   1.641   0.224   0.827   0.115 319.4614624.601   0.199 428.631  11.289   1.506   4.834
   1.641   0.148   0.885   0.291 259.9832608.373   0.105 343.799  13.679   0.800   4.085
   1.642   0.164   0.910   0.224 230.5732860.183   0.144 317.255  12.303   0.917   4.477
   1.643   0.177   0.879   0.276 349.9822387.864   0.103 323.578  14.176   0.839   4.160
   1.643   0.270   0.831   0.119 321.5054552.892   0.212 161.183  11.207   1.186   4.875
   1.644   0.234   0.855   0.146 150.0442310.172   0.062 448.927  15.266   0.774   4.959
   1.645   0.197   0.817   0.150 249.6203188.492   0.060 390.219  12.569   0.975   4.422
   1.645   0.184   0.862   0.155 256.0521952.496   0.077 694.815  11.558   0.744   4.025
   1.646   0.154   0.865   0.215 304.4292881.131   0.142 421.056  13.700   1.163   4.227
   1.647   0.208   0.795   0.283 191.7962889.598   0.095 704.556  15.128   0.822   4.549
   1.649   0.138   0.885   0.267 285.1302527.340   0.111 366.122  12.397   1.054   4.388
   1.649   0.157   0.924   0.292 338.4382275.743   0.144 321.592  11.682   0.975   4.521
   1.649   0.167   0.815   0.142 270.9073590.739   0.159 495.102  11.169   1.442   4.981
   1.651   0.148   0.860   0.325 294.6632854.880   0.110 532.062  14.330   1.017   4.522
   1.651   0.194   0.985   0.145 350.7002093.250   0.179 186.550  11.382   1.165   4.393
   1.651   0.219   0.897   0.246 322.9983582.590   0.193 273.858   9.121   0.735   4.632
   1.652   0.175   0.951   0.319 284.2952909.213   0.164 262.782  14.437   0.720   4.212
   1.652   0.218   0.957   0.300 315.6914092.978   0.176 185.349  12.086   0.858   4.777
   1.652   0.148   0.843   0.284 272.1642473.484   0.085 581.392  12.902   0.913   4.194
   1.653   0.172   0.982   0.300 344.3502285.687   0.119 203.211  14.216   0.583   3.807
   1.653   0.241   0.888   0.109 436.9592986.955   0.219 320.516  10.033   0.892   4.412
   1.654   0.266   0.938   0.259 400.9191192.701   0.036  28.036  11.373   0.511   4.000
   1.654   0.157   0.831   0.294 290.7593047.619   0.161 338.463  10.795   1.044   4.372
   1.654   0.228   0.884   0.186 327.7453052.635   0.093 166.615  18.701   1.001   3.913
   1.654   0.155   0.818   0.125 285.3732819.454   0.143 292.437  11.655   1.494   4.258
   1.655   0.171   0.844   0.243 339.7012860.415   0.154 303.208  11.786   1.143   4.352
   1.655   0.258   1.060   0.230 439.4282667.228   0.165 185.899  18.976   0.794   4.522
   1.656   0.225   0.840   0.137 271.2304318.648   0.078 344.240  12.781   0.686   4.223
   1.656   0.237   1.023   0.273 385.5734509.818   0.102 212.459  12.693   0.491   4.332
   1.656   0.170   0.921   0.187 251.3752473.884   0.159 548.810  17.169   1.166   4.620
   1.656   0.194   0.844   0.233 350.5062972.956   0.155 252.917  12.419   0.944   4.332
   1.656   0.147   0.873   0.198 302.8922793.042   0.093 572.976  11.524   0.952   3.883
   1.657   0.214   0.812   0.200 302.2843548.519   0.202 228.685   9.813   1.271   4.610
   1.657   0.186   0.881   0.261 288.0543175.086   0.101 301.281  16.508   1.082   4.271
   1.661   0.212   0.987   0.117 305.6683126.069   0.124  73.621  12.461   0.279   4.069
   1.661   0.249   0.878   0.052 318.7882913.591   0.096 729.308  19.926   0.564   3.825
   1.661   0.224   0.901   0.217 279.6593969.291   0.048 291.000   8.998   0.853   4.815
   1.661   0.284   1.037   0.217 423.6861875.310   0.102  50.590  17.994   0.256   4.413
   1.662   0.270   0.837   0.305 327.6012772.908   0.059 958.613  19.572   0.904   4.821
   1.664   0.284   0.821   0.118 144.952 886.389   0.163  80.610  15.686   0.070   2.793
   1.664   0.155   0.801   0.253 260.6662948.580   0.182 436.200   8.941   1.139   4.181
   1.664   0.172   0.935   0.212 347.6162305.649   0.099 224.322   9.047   0.861   3.857
   1.665   0.195   1.004   0.248 379.1353143.202   0.161 194.131  12.684   0.684   3.830
   1.666   0.137   0.831   0.226 294.1631928.640   0.112 530.657   9.113   1.348   4.336
   1.666   0.256   0.833   0.285 317.2123653.240   0.226  70.648   7.955   1.217   4.949
   1.668   0.164   0.903   0.386 332.2001733.178   0.099 444.542  14.079   0.894   4.483
   1.668   0.172   0.970   0.305 317.2073032.543   0.106 163.130  11.728   0.766   4.291
   1.669   0.165   0.938   0.280 264.9223448.741   0.139 342.339  11.842   0.845   4.934
   1.670   0.138   0.845   0.325 244.7362293.160   0.098 407.502  12.157   1.043   4.313
   1.671   0.112   0.812   0.260 267.7272578.345   0.130 433.597  10.291   1.242   4.241
   1.671   0.137   0.879   0.313 249.8112339.963   0.136 267.423   9.758   0.845   4.056
   1.672   0.149   0.919   0.265 282.2813322.725   0.149 339.428  10.950   0.987   4.243
   1.672   0.182   0.836   0.148 356.8992964.731   0.100 399.881   9.327   1.041   4.368
   1.672   0.267   0.853   0.059 321.9763840.085   0.015 360.879  14.024   0.738   4.262
   1.672   0.238   0.846   0.318 227.9921752.075   0.249 178.009   7.492   0.929   4.463
   1.672   0.240   0.951   0.374 210.2801088.764   0.184  72.409  16.109   0.474   3.878
   1.674   0.136   0.864   0.365 252.1402244.487   0.162 404.992  12.332   0.883   4.068
   1.674   0.204   0.767   0.323 199.6021976.571   0.176 211.590   9.087   0.890   4.451
   1.674   0.150   0.901   0.225 318.3323450.128   0.147 435.810  11.696   1.184   4.106
   1.674   0.149   0.847   0.353 227.4763325.845   0.115 336.269  10.195   0.917   4.367
   1.676   0.201   0.889   0.096 442.2821400.121   0.155 542.549  12.430   1.094   3.708
   1.677   0.156   0.850   0.287 215.5342096.846   0.137 621.550   9.498   0.882   4.523
   1.677   0.219   0.851   0.220 386.9673566.421   0.151 218.085  14.642   1.150   4.105
   1.678   0.261   0.836   0.084 347.3234194.462   0.143 187.580  15.208   0.875   4.350
   1.678   0.153   0.945   0.181 323.2412946.322   0.129 214.979  10.364   0.877   3.692
   1.678   0.189   0.901   0.086 173.0081863.955   0.079 505.697  11.879   0.987   4.420
   1.679   0.163   0.880   0.278 259.4893336.405   0.094 342.675  13.531   1.110   4.267
   1.679   0.133   0.801   0.221 299.6752633.258   0.112 548.201  10.541   1.135   4.280
   1.679   0.182   0.857   0.347 184.8161375.183   0.129 247.875  12.828   0.757   3.956
   1.679   0.207   0.935   0.070 204.3932192.831   0.073 510.792  12.896   0.491   4.721
   1.679   0.238   0.911   0.181 414.753 707.002   0.044 693.464   9.276   1.046   3.868
   1.679   0.148   0.834   0.186 298.5492350.691   0.132 327.936  11.327   0.825   3.713
   1.680   0.108   0.810   0.219 253.0222784.829   0.125 467.799  10.445   1.438   4.198
   1.680   0.250   0.999   0.058 457.6483737.395   0.103 149.309   9.332   2.035   4.613
   1.681   0.147   0.851   0.449 239.4092914.204   0.080 415.884  13.244   0.720   4.105
   1.682   0.164   0.796   0.355 256.8723033.654   0.150 357.338  15.332   0.927   4.063
   1.682   0.168   0.797   0.238 237.5312402.966   0.142 145.385  12.958   1.452   4.350
   1.683   0.159   0.835   0.195 227.6022952.142   0.096 563.140  12.766   1.645   4.622
   1.683   0.150   1.015   0.213 306.8702499.953   0.132 291.595  11.895   0.708   4.229
   1.684   0.169   0.828   0.174 298.0403257.216   0.133 458.148   9.831   0.895   4.766
   1.684   0.144   0.767   0.348 171.4332333.033   0.127 578.626  10.490   0.946   4.476
   1.684   0.171   0.768   0.396 140.0382388.602   0.169 366.649  12.273   0.647   3.593
   1.684   0.187   0.811   0.418 167.1881542.255   0.099 333.550  12.256   0.861   4.621
   1.685   0.262   0.827   0.072 154.8663234.233   0.040 229.810   7.183   1.313   4.946
   1.686   0.158   0.786   0.300 274.5181749.883   0.156 390.244   9.325   0.979   4.159
   1.688   0.237   0.754   0.235 168.3111678.617   0.183 289.157  13.075   0.472   4.004
   1.689   0.216   0.766   0.286 185.8482033.847   0.055 439.171  14.293   0.748   4.560
   1.691   0.133   0.780   0.287 244.2392043.795   0.149 402.471  10.136   1.356   4.253
   1.691   0.153   0.922   0.296 232.1742637.850   0.092 335.281  12.817   0.823   4.175
   1.693   0.195   0.919   0.205 426.9931938.730   0.108 407.033   6.602   1.118   4.401
   1.693   0.236   0.931   0.349 186.3623280.499   0.051 691.292  17.312   0.459   4.384
   1.693   0.184   0.807   0.195 304.3141983.887   0.078 656.679  10.402   1.025   4.585
   1.694   0.147   0.821   0.354 350.2752193.784   0.158 384.544  10.186   1.151   4.243
   1.698   0.143   0.832   0.384 244.7502707.697   0.103 186.955  11.043   0.938   3.977
   1.698   0.162   0.825   0.263 227.4173205.543   0.124 241.881  12.958   1.073   3.857
   1.698   0.162   0.864   0.098 222.4252726.297   0.106 303.704   9.530   1.699   4.290
   1.699   0.149   0.765   0.330 245.1852708.617   0.159 241.779  10.822   1.321   4.373
   1.700   0.191   0.884   0.306 378.3933421.389   0.151 152.772  11.826   1.097   4.027
   1.702   0.182   0.803   0.215 277.1733114.046   0.010 577.083  12.345   1.436   4.053
   1.703   0.205   0.725   0.272 134.3682662.797   0.150 279.416   8.106   0.904   4.369
   1.704   0.156   0.970   0.277 296.5322026.374   0.117 346.852  15.107   0.765   3.898
   1.704   0.129   0.809   0.318 289.6562315.675   0.108 428.743  12.545   1.171   4.029
   1.704   0.174   0.782   0.244 185.4862386.428   0.168 477.514   6.419   1.124   4.205
   1.706   0.181   0.819   0.347 356.3373501.264   0.104 289.473   9.197   0.936   4.166
   1.710   0.175   0.727   0.284 190.3231319.421   0.133 510.952  12.198   0.900   4.205
   1.710   0.158   0.862   0.313 319.1842193.391   0.084 213.486   9.990   1.300   4.232
   1.711   0.264   0.913   0.246 420.8804827.173   0.194 230.068  14.432   1.632   4.570
   1.711   0.123   0.801   0.257 277.0362402.663   0.160 397.085   9.954   1.513   4.057
   1.712   0.247   0.748   0.622 137.933 475.121   0.207 560.259  12.315   0.328   3.928
   1.713   0.245   1.114   0.185 454.6013509.962   0.138 356.737  16.989   0.591   4.023
   1.713   0.209   1.049   0.177 296.854 307.344   0.119 502.991  16.366   0.681   4.197
   1.714   0.136   0.833   0.308 302.5442172.657   0.129 326.302  12.734   1.320   4.111
   1.716   0.257   0.690   0.137 100.7861496.116   0.235 417.785   9.311   1.541   4.783
   1.720   0.191   0.877   0.147 216.4253985.753   0.173 458.342   9.318   1.740   4.706
   1.722   0.211   0.853   0.074 244.2622792.446   0.002 152.079  11.590   1.455   3.856
   1.725   0.243   0.744   0.150 158.4012638.492   0.061 741.948  15.113   2.085   4.328
   1.732   0.215   0.767   0.298 354.2642986.770   0.188 226.983  15.356   1.400   4.394
   1.740   0.207   0.974   0.243 249.060 262.685   0.117 735.134  11.526   0.709   4.902
   1.743   0.223   0.823   0.335 483.6761772.213   0.199 531.063   7.050   1.031   4.340
   1.745   0.211   0.673   0.350 103.3693936.508   0.098 574.881  11.617   0.889   4.195
   1.749   0.182   0.977   0.086 212.0312799.561   0.119 317.848   8.997   0.880   4.966
   1.752   0.200   0.859   0.302 250.5351052.540   0.170 256.300  15.846   0.735   3.301
   1.757   0.212   0.699   0.061 200.0833383.166   0.088 435.533  13.443   1.531   4.693
   1.761   0.202   0.726   0.243 249.6471991.783   0.154 322.496  16.772   1.043   4.260
   1.774   0.175   0.738   0.321 294.6832763.645   0.105 216.124   9.649   0.945   4.480
   1.779   0.207   0.751   0.220 334.7082229.242   0.077 278.566  14.547   1.142   4.201
   1.788   0.236   0.915   0.175 311.8234083.341   0.239 296.612  11.301   2.029   4.408
   1.791   0.217   0.623   0.475 124.1363033.927   0.196 799.061  12.296   1.523   4.833
   1.805   0.256   1.039   0.129 491.9061519.521   0.061 327.583  11.434   0.370   4.061
   1.813   0.153   0.665   0.419 258.8311427.203   0.128 392.060  13.525   1.267   4.318
   1.835   0.200   0.758   0.478 396.179 747.950   0.137 407.755  15.605   1.961   4.172
   1.839   0.238   0.590   0.511 105.9854034.756   0.062 193.428  14.292   1.515   4.094
   1.840   0.157   0.903   0.190 341.161 779.142   0.133 467.776  13.282   1.293   3.390
   1.845   0.165   0.698   0.350 333.0112397.840   0.094 282.844  10.712   1.068   4.220
   1.854   0.155   0.820   0.630 238.7572160.203   0.056 383.499  12.086   1.267   4.443
   1.913   0.168   1.032   0.063 262.0912154.677   0.123 195.760  12.874   1.648   4.646
   1.924   0.311   0.580   0.668  73.219 195.474   0.040 866.717  14.773   1.904   3.798
   2.028   0.235   1.029   0.077 295.8823922.014   0.081 188.652  10.070   0.167   4.028
   3.307   0.308   0.999   0.087 133.6834082.672   0.181 993.761  15.977   0.307   0.887


 *** OPTIMIZATION SEARCH TERMINATED BECAUSE THE LIMIT ON THE MAXIMUM
     NUMBER OF TRIALS  1000 EXCEEDED.  SEARCH WAS STOPPED AT
     SUB-COMPLEX  15 OF COMPLEX   1 IN SHUFFLING LOOP   4 ***


*** PRINT THE FINAL PARAMETER ESTIMATE AND ITS CRITERION VALUE ***

 CRITERION    X1      X2      X3      X4      X5      X6      X7      X8      X9
   1.564   1.062   0.414 467.089 566.122   0.053  12.343  18.787   0.262   4.682
